HBM_CATMAN_DATAFILE_40

2026-05-01
11:12
CHANNELS: 2
SEPARATOR: 9
MAXLINES: 2566               

Time  1 - default sample rate	UR_18 CH=7
s	%
2026-05-01-11:12	2026-05-01-11:12
	
T0 =2026-05-01 11:12:20	T0 =2026-05-01 11:12:20
dt =5 ms	dt =5 ms
CH 0	CH 4
Serial No. (Electronics / CP)Not available	Serial No. (Electronics / CP)9E500E53E
Not available ID=0	MX840A ID=5036
Not available ID=0	Not available ID=0
Not available ID=0	DC Current ID=421
x1=0 y1=0;x2=0 y2=0	x1=4 y1=0;x2=20 y2=100
         (Electr.)	mA       (Electr.)
         (Engin.)	%        (Engin.)
0  Nominal value	162.5 % Nominal value
Not available ID=0	Not available ID=0
Scaling = Engineering units ID=0	Scaling = Engineering units ID=0
0 V	20 V
Filter = Not available ID=0	Filter = Bessel lowpass ID=142
-	fg = 20 Hz ID=945
0  Zero	0 % Zero
0  Tare	0 % Tare
0  Software-Zero	0 % Software-Zero
Gage factor = 0	Gage factor = 0
Bridge factor = 0	Bridge factor = 0
Software scaling: None	Software scaling: None
Sensor: None	Sensor: DC current 4-20 mA
Sensor T-ID: None	Sensor T-ID: DC_A
Cable length correction Not available	Cable length correction Not available

0	43.31	
0.00500	43.68	
0.01000	44.03	
0.01500	44.42	
0.02000	44.84	
0.02500	45.24	
0.03000	45.60	
0.03500	45.94	
0.04000	46.31	
0.04500	46.69	
0.05000	47.08	
0.05500	47.46	
0.06000	47.84	
0.06500	48.25	
0.07000	48.66	
0.07500	49.12	
0.08000	49.59	
0.08500	50.02	
0.09000	50.38	
0.09500	50.63	
0.1000	50.77	
0.1050	50.82	
0.1100	50.83	
0.1150	50.83	
0.1200	50.84	
0.1250	50.88	
0.1300	50.92	
0.1350	50.95	
0.1400	50.96	
0.1450	50.95	
0.1500	50.94	
0.1550	50.94	
0.1600	50.95	
0.1650	50.98	
0.1700	50.97	
0.1750	50.93	
0.1800	50.82	
0.1850	50.63	
0.1900	50.39	
0.1950	50.09	
0.2000	49.77	
0.2050	49.47	
0.2100	49.21	
0.2150	49.00	
0.2200	48.79	
0.2250	48.61	
0.2300	48.38	
0.2350	48.08	
0.2400	47.70	
0.2450	47.23	
0.2500	46.74	
0.2550	46.21	
0.2600	45.68	
0.2650	45.16	
0.2700	44.63	
0.2750	44.14	
0.2800	43.65	
0.2850	43.19	
0.2900	42.79	
0.2950	42.45	
0.3000	42.14	
0.3050	41.83	
0.3100	41.53	
0.3150	41.25	
0.3200	41.00	
0.3250	40.76	
0.3300	40.51	
0.3350	40.26	
0.3400	40.00	
0.3450	39.75	
0.3500	39.54	
0.3550	39.38	
0.3600	39.27	
0.3650	39.17	
0.3700	39.07	
0.3750	39.00	
0.3800	38.95	
0.3850	38.92	
0.3900	38.90	
0.3950	38.90	
0.4000	38.90	
0.4050	38.90	
0.4100	38.91	
0.4150	38.94	
0.4200	38.99	
0.4250	39.08	
0.4300	39.19	
0.4350	39.35	
0.4400	39.55	
0.4450	39.77	
0.4500	40.04	
0.4550	40.31	
0.4600	40.57	
0.4650	40.81	
0.4700	41.07	
0.4750	41.36	
0.4800	41.65	
0.4850	41.96	
0.4900	42.24	
0.4950	42.55	
0.5000	42.87	
0.5050	43.20	
0.5100	43.54	
0.5150	43.88	
0.5200	44.28	
0.5250	44.70	
0.5300	45.12	
0.5350	45.52	
0.5400	45.89	
0.5450	46.28	
0.5500	46.66	
0.5550	47.04	
0.5600	47.40	
0.5650	47.76	
0.5700	48.17	
0.5750	48.58	
0.5800	49.04	
0.5850	49.50	
0.5900	49.89	
0.5950	50.18	
0.6000	50.38	
0.6050	50.50	
0.6100	50.57	
0.6150	50.62	
0.6200	50.67	
0.6250	50.73	
0.6300	50.82	
0.6350	50.91	
0.6400	50.96	
0.6450	50.98	
0.6500	50.95	
0.6550	50.89	
0.6600	50.83	
0.6650	50.81	
0.6700	50.81	
0.6750	50.82	
0.6800	50.80	
0.6850	50.72	
0.6900	50.54	
0.6950	50.30	
0.7000	50.00	
0.7050	49.68	
0.7100	49.38	
0.7150	49.14	
0.7200	48.95	
0.7250	48.77	
0.7300	48.58	
0.7350	48.34	
0.7400	48.02	
0.7450	47.65	
0.7500	47.21	
0.7550	46.76	
0.7600	46.25	
0.7650	45.73	
0.7700	45.21	
0.7750	44.68	
0.7800	44.20	
0.7850	43.71	
0.7900	43.25	
0.7950	42.84	
0.8000	42.49	
0.8050	42.19	
0.8100	41.86	
0.8150	41.55	
0.8200	41.25	
0.8250	40.98	
0.8300	40.75	
0.8350	40.53	
0.8400	40.32	
0.8450	40.09	
0.8500	39.85	
0.8550	39.64	
0.8600	39.45	
0.8650	39.30	
0.8700	39.19	
0.8750	39.12	
0.8800	39.07	
0.8850	39.04	
0.8900	39.02	
0.8950	39.01	
0.9000	38.99	
0.9050	38.98	
0.9100	38.97	
0.9150	38.97	
0.9200	38.98	
0.9250	39.01	
0.9300	39.07	
0.9350	39.16	
0.9400	39.30	
0.9450	39.47	
0.9500	39.68	
0.9550	39.93	
0.9600	40.19	
0.9650	40.45	
0.9700	40.69	
0.9750	40.95	
0.9800	41.27	
0.9850	41.59	
0.9900	41.89	
0.9950	42.15	
1.000	42.44	
1.005	42.76	
1.010	43.10	
1.015	43.46	
1.020	43.80	
1.025	44.18	
1.030	44.58	
1.035	44.98	
1.040	45.36	
1.045	45.72	
1.050	46.12	
1.055	46.53	
1.060	46.94	
1.065	47.32	
1.070	47.69	
1.075	48.09	
1.080	48.47	
1.085	48.89	
1.090	49.29	
1.095	49.66	
1.100	50.00	
1.105	50.26	
1.110	50.44	
1.115	50.55	
1.120	50.62	
1.125	50.67	
1.130	50.74	
1.135	50.81	
1.140	50.88	
1.145	50.95	
1.150	51.00	
1.155	51.02	
1.160	51.00	
1.165	50.96	
1.170	50.92	
1.175	50.90	
1.180	50.87	
1.185	50.82	
1.190	50.75	
1.195	50.62	
1.200	50.46	
1.205	50.22	
1.210	49.93	
1.215	49.64	
1.220	49.37	
1.225	49.15	
1.230	48.97	
1.235	48.82	
1.240	48.63	
1.245	48.32	
1.250	47.93	
1.255	47.46	
1.260	46.98	
1.265	46.46	
1.270	45.92	
1.275	45.39	
1.280	44.83	
1.285	44.31	
1.290	43.80	
1.295	43.32	
1.300	42.91	
1.305	42.57	
1.310	42.27	
1.315	41.94	
1.320	41.61	
1.325	41.30	
1.330	41.04	
1.335	40.81	
1.340	40.60	
1.345	40.39	
1.350	40.14	
1.355	39.88	
1.360	39.64	
1.365	39.44	
1.370	39.31	
1.375	39.20	
1.380	39.12	
1.385	39.05	
1.390	38.98	
1.395	38.92	
1.400	38.88	
1.405	38.86	
1.410	38.87	
1.415	38.90	
1.420	38.94	
1.425	38.99	
1.430	39.05	
1.435	39.11	
1.440	39.18	
1.445	39.29	
1.450	39.47	
1.455	39.68	
1.460	39.93	
1.465	40.19	
1.470	40.43	
1.475	40.65	
1.480	40.88	
1.485	41.16	
1.490	41.45	
1.495	41.76	
1.500	42.05	
1.505	42.37	
1.510	42.72	
1.515	43.07	
1.520	43.45	
1.525	43.81	
1.530	44.20	
1.535	44.59	
1.540	44.98	
1.545	45.36	
1.550	45.72	
1.555	46.13	
1.560	46.54	
1.565	46.95	
1.570	47.36	
1.575	47.74	
1.580	48.15	
1.585	48.54	
1.590	48.94	
1.595	49.33	
1.600	49.68	
1.605	50.00	
1.610	50.25	
1.615	50.43	
1.620	50.55	
1.625	50.63	
1.630	50.70	
1.635	50.77	
1.640	50.88	
1.645	51.01	
1.650	51.10	
1.655	51.15	
1.660	51.15	
1.665	51.10	
1.670	51.03	
1.675	50.97	
1.680	50.93	
1.685	50.91	
1.690	50.89	
1.695	50.83	
1.700	50.71	
1.705	50.53	
1.710	50.28	
1.715	49.98	
1.720	49.69	
1.725	49.42	
1.730	49.21	
1.735	49.03	
1.740	48.89	
1.745	48.70	
1.750	48.41	
1.755	48.04	
1.760	47.55	
1.765	47.05	
1.770	46.53	
1.775	46.02	
1.780	45.50	
1.785	44.95	
1.790	44.41	
1.795	43.86	
1.800	43.35	
1.805	42.92	
1.810	42.56	
1.815	42.26	
1.820	41.93	
1.825	41.60	
1.830	41.29	
1.835	41.01	
1.840	40.76	
1.845	40.51	
1.850	40.27	
1.855	40.02	
1.860	39.78	
1.865	39.57	
1.870	39.38	
1.875	39.24	
1.880	39.13	
1.885	39.05	
1.890	38.98	
1.895	38.93	
1.900	38.90	
1.905	38.88	
1.910	38.87	
1.915	38.89	
1.920	38.92	
1.925	38.96	
1.930	39.01	
1.935	39.06	
1.940	39.12	
1.945	39.19	
1.950	39.30	
1.955	39.46	
1.960	39.65	
1.965	39.87	
1.970	40.10	
1.975	40.34	
1.980	40.57	
1.985	40.81	
1.990	41.07	
1.995	41.34	
2.000	41.67	
2.005	42.01	
2.010	42.37	
2.015	42.75	
2.020	43.12	
2.025	43.50	
2.030	43.86	
2.035	44.27	
2.040	44.70	
2.045	45.13	
2.050	45.51	
2.055	45.86	
2.060	46.22	
2.065	46.60	
2.070	46.98	
2.075	47.35	
2.080	47.72	
2.085	48.11	
2.090	48.51	
2.095	48.95	
2.100	49.40	
2.105	49.80	
2.110	50.14	
2.115	50.38	
2.120	50.53	
2.125	50.61	
2.130	50.66	
2.135	50.70	
2.140	50.77	
2.145	50.86	
2.150	50.97	
2.155	51.04	
2.160	51.06	
2.165	51.05	
2.170	51.02	
2.175	50.99	
2.180	50.96	
2.185	50.94	
2.190	50.92	
2.195	50.89	
2.200	50.83	
2.205	50.70	
2.210	50.51	
2.215	50.25	
2.220	49.94	
2.225	49.65	
2.230	49.40	
2.235	49.21	
2.240	49.05	
2.245	48.89	
2.250	48.69	
2.255	48.38	
2.260	47.99	
2.265	47.51	
2.270	47.01	
2.275	46.49	
2.280	45.98	
2.285	45.48	
2.290	44.95	
2.295	44.44	
2.300	43.92	
2.305	43.41	
2.310	42.98	
2.315	42.62	
2.320	42.32	
2.325	42.02	
2.330	41.71	
2.335	41.41	
2.340	41.11	
2.345	40.85	
2.350	40.61	
2.355	40.39	
2.360	40.16	
2.365	39.91	
2.370	39.68	
2.375	39.49	
2.380	39.34	
2.385	39.22	
2.390	39.12	
2.395	39.04	
2.400	38.98	
2.405	38.94	
2.410	38.91	
2.415	38.90	
2.420	38.90	
2.425	38.90	
2.430	38.91	
2.435	38.95	
2.440	38.99	
2.445	39.07	
2.450	39.17	
2.455	39.30	
2.460	39.48	
2.465	39.69	
2.470	39.93	
2.475	40.18	
2.480	40.42	
2.485	40.65	
2.490	40.90	
2.495	41.17	
2.500	41.46	
2.505	41.76	
2.510	42.05	
2.515	42.35	
2.520	42.69	
2.525	43.03	
2.530	43.40	
2.535	43.76	
2.540	44.16	
2.545	44.58	
2.550	44.99	
2.555	45.40	
2.560	45.79	
2.565	46.20	
2.570	46.61	
2.575	47.00	
2.580	47.37	
2.585	47.72	
2.590	48.10	
2.595	48.50	
2.600	48.93	
2.605	49.39	
2.610	49.79	
2.615	50.13	
2.620	50.37	
2.625	50.52	
2.630	50.61	
2.635	50.67	
2.640	50.72	
2.645	50.79	
2.650	50.90	
2.655	51.02	
2.660	51.11	
2.665	51.15	
2.670	51.15	
2.675	51.11	
2.680	51.05	
2.685	51.02	
2.690	51.00	
2.695	50.99	
2.700	50.98	
2.705	50.94	
2.710	50.80	
2.715	50.60	
2.720	50.32	
2.725	50.00	
2.730	49.68	
2.735	49.40	
2.740	49.18	
2.745	49.01	
2.750	48.86	
2.755	48.68	
2.760	48.42	
2.765	48.07	
2.770	47.62	
2.775	47.13	
2.780	46.62	
2.785	46.11	
2.790	45.61	
2.795	45.06	
2.800	44.52	
2.805	44.00	
2.810	43.52	
2.815	43.11	
2.820	42.76	
2.825	42.45	
2.830	42.11	
2.835	41.76	
2.840	41.43	
2.845	41.13	
2.850	40.88	
2.855	40.65	
2.860	40.44	
2.865	40.21	
2.870	39.96	
2.875	39.72	
2.880	39.51	
2.885	39.36	
2.890	39.24	
2.895	39.15	
2.900	39.08	
2.905	39.04	
2.910	39.01	
2.915	38.99	
2.920	38.99	
2.925	38.99	
2.930	39.00	
2.935	39.01	
2.940	39.03	
2.945	39.05	
2.950	39.11	
2.955	39.18	
2.960	39.30	
2.965	39.47	
2.970	39.66	
2.975	39.91	
2.980	40.17	
2.985	40.42	
2.990	40.64	
2.995	40.87	
3.000	41.13	
3.005	41.41	
3.010	41.72	
3.015	42.03	
3.020	42.36	
3.025	42.71	
3.030	43.05	
3.035	43.40	
3.040	43.75	
3.045	44.11	
3.050	44.50	
3.055	44.88	
3.060	45.28	
3.065	45.66	
3.070	46.08	
3.075	46.50	
3.080	46.91	
3.085	47.28	
3.090	47.63	
3.095	48.01	
3.100	48.41	
3.105	48.83	
3.110	49.25	
3.115	49.63	
3.120	49.97	
3.125	50.23	
3.130	50.41	
3.135	50.52	
3.140	50.60	
3.145	50.66	
3.150	50.73	
3.155	50.83	
3.160	50.93	
3.165	51.01	
3.170	51.04	
3.175	51.04	
3.180	51.01	
3.185	50.98	
3.190	50.96	
3.195	50.97	
3.200	50.96	
3.205	50.94	
3.210	50.88	
3.215	50.74	
3.220	50.55	
3.225	50.29	
3.230	49.96	
3.235	49.65	
3.240	49.39	
3.245	49.19	
3.250	49.04	
3.255	48.91	
3.260	48.76	
3.265	48.50	
3.270	48.17	
3.275	47.73	
3.280	47.27	
3.285	46.77	
3.290	46.26	
3.295	45.75	
3.300	45.19	
3.305	44.65	
3.310	44.14	
3.315	43.67	
3.320	43.26	
3.325	42.89	
3.330	42.56	
3.335	42.23	
3.340	41.91	
3.345	41.61	
3.350	41.32	
3.355	41.07	
3.360	40.84	
3.365	40.63	
3.370	40.40	
3.375	40.15	
3.380	39.91	
3.385	39.69	
3.390	39.52	
3.395	39.38	
3.400	39.26	
3.405	39.17	
3.410	39.10	
3.415	39.04	
3.420	39.01	
3.425	38.99	
3.430	38.99	
3.435	39.00	
3.440	39.01	
3.445	39.03	
3.450	39.05	
3.455	39.11	
3.460	39.18	
3.465	39.29	
3.470	39.46	
3.475	39.65	
3.480	39.88	
3.485	40.12	
3.490	40.36	
3.495	40.62	
3.500	40.87	
3.505	41.13	
3.510	41.40	
3.515	41.68	
3.520	41.96	
3.525	42.24	
3.530	42.55	
3.535	42.85	
3.540	43.19	
3.545	43.54	
3.550	43.89	
3.555	44.25	
3.560	44.60	
3.565	44.98	
3.570	45.35	
3.575	45.77	
3.580	46.21	
3.585	46.63	
3.590	47.02	
3.595	47.39	
3.600	47.79	
3.605	48.20	
3.610	48.63	
3.615	49.06	
3.620	49.46	
3.625	49.85	
3.630	50.17	
3.635	50.40	
3.640	50.52	
3.645	50.59	
3.650	50.64	
3.655	50.70	
3.660	50.77	
3.665	50.84	
3.670	50.92	
3.675	50.98	
3.680	51.02	
3.685	51.01	
3.690	50.98	
3.695	50.95	
3.700	50.93	
3.705	50.92	
3.710	50.90	
3.715	50.87	
3.720	50.78	
3.725	50.65	
3.730	50.44	
3.735	50.14	
3.740	49.84	
3.745	49.57	
3.750	49.36	
3.755	49.18	
3.760	49.02	
3.765	48.84	
3.770	48.58	
3.775	48.27	
3.780	47.85	
3.785	47.39	
3.790	46.89	
3.795	46.36	
3.800	45.83	
3.805	45.29	
3.810	44.77	
3.815	44.26	
3.820	43.78	
3.825	43.34	
3.830	42.95	
3.835	42.61	
3.840	42.28	
3.845	41.97	
3.850	41.66	
3.855	41.37	
3.860	41.11	
3.865	40.89	
3.870	40.70	
3.875	40.49	
3.880	40.22	
3.885	39.96	
3.890	39.70	
3.895	39.50	
3.900	39.34	
3.905	39.21	
3.910	39.12	
3.915	39.06	
3.920	39.02	
3.925	39.00	
3.930	39.00	
3.935	38.99	
3.940	38.98	
3.945	38.97	
3.950	38.98	
3.955	39.02	
3.960	39.07	
3.965	39.13	
3.970	39.23	
3.975	39.38	
3.980	39.58	
3.985	39.83	
3.990	40.10	
3.995	40.37	
4.000	40.62	
4.005	40.85	
4.010	41.09	
4.015	41.33	
4.020	41.60	
4.025	41.90	
4.030	42.21	
4.035	42.54	
4.040	42.86	
4.045	43.20	
4.050	43.53	
4.055	43.87	
4.060	44.23	
4.065	44.59	
4.070	45.00	
4.075	45.41	
4.080	45.85	
4.085	46.30	
4.090	46.71	
4.095	47.08	
4.100	47.42	
4.105	47.80	
4.110	48.21	
4.115	48.64	
4.120	49.07	
4.125	49.45	
4.130	49.81	
4.135	50.10	
4.140	50.32	
4.145	50.45	
4.150	50.53	
4.155	50.60	
4.160	50.67	
4.165	50.77	
4.170	50.88	
4.175	50.97	
4.180	51.01	
4.185	51.01	
4.190	50.97	
4.195	50.91	
4.200	50.85	
4.205	50.82	
4.210	50.80	
4.215	50.78	
4.220	50.75	
4.225	50.66	
4.230	50.52	
4.235	50.32	
4.240	50.04	
4.245	49.75	
4.250	49.48	
4.255	49.28	
4.260	49.11	
4.265	48.97	
4.270	48.80	
4.275	48.54	
4.280	48.22	
4.285	47.82	
4.290	47.40	
4.295	46.93	
4.300	46.41	
4.305	45.88	
4.310	45.34	
4.315	44.83	
4.320	44.34	
4.325	43.86	
4.330	43.43	
4.335	43.03	
4.340	42.67	
4.345	42.33	
4.350	42.03	
4.355	41.73	
4.360	41.43	
4.365	41.15	
4.370	40.89	
4.375	40.66	
4.380	40.42	
4.385	40.14	
4.390	39.88	
4.395	39.65	
4.400	39.47	
4.405	39.32	
4.410	39.20	
4.415	39.11	
4.420	39.05	
4.425	39.01	
4.430	38.99	
4.435	38.97	
4.440	38.96	
4.445	38.95	
4.450	38.95	
4.455	38.97	
4.460	39.01	
4.465	39.07	
4.470	39.13	
4.475	39.21	
4.480	39.32	
4.485	39.46	
4.490	39.67	
4.495	39.90	
4.500	40.14	
4.505	40.38	
4.510	40.62	
4.515	40.88	
4.520	41.15	
4.525	41.45	
4.530	41.75	
4.535	42.05	
4.540	42.34	
4.545	42.63	
4.550	42.96	
4.555	43.31	
4.560	43.67	
4.565	44.02	
4.570	44.38	
4.575	44.79	
4.580	45.20	
4.585	45.63	
4.590	46.04	
4.595	46.42	
4.600	46.80	
4.605	47.15	
4.610	47.56	
4.615	47.98	
4.620	48.41	
4.625	48.83	
4.630	49.21	
4.635	49.59	
4.640	49.94	
4.645	50.20	
4.650	50.37	
4.655	50.47	
4.660	50.54	
4.665	50.61	
4.670	50.72	
4.675	50.86	
4.680	50.99	
4.685	51.09	
4.690	51.15	
4.695	51.14	
4.700	51.08	
4.705	51.01	
4.710	50.93	
4.715	50.86	
4.720	50.81	
4.725	50.77	
4.730	50.68	
4.735	50.55	
4.740	50.36	
4.745	50.11	
4.750	49.83	
4.755	49.57	
4.760	49.34	
4.765	49.15	
4.770	49.00	
4.775	48.84	
4.780	48.59	
4.785	48.29	
4.790	47.91	
4.795	47.49	
4.800	47.02	
4.805	46.51	
4.810	45.99	
4.815	45.44	
4.820	44.91	
4.825	44.40	
4.830	43.94	
4.835	43.52	
4.840	43.12	
4.845	42.76	
4.850	42.39	
4.855	42.03	
4.860	41.69	
4.865	41.38	
4.870	41.12	
4.875	40.89	
4.880	40.69	
4.885	40.48	
4.890	40.24	
4.895	40.00	
4.900	39.78	
4.905	39.60	
4.910	39.45	
4.915	39.34	
4.920	39.24	
4.925	39.15	
4.930	39.09	
4.935	39.03	
4.940	38.99	
4.945	38.97	
4.950	38.96	
4.955	38.96	
4.960	38.98	
4.965	39.02	
4.970	39.06	
4.975	39.11	
4.980	39.18	
4.985	39.29	
4.990	39.43	
4.995	39.62	
5.000	39.84	
5.005	40.08	
5.010	40.33	
5.015	40.56	
5.020	40.80	
5.025	41.05	
5.030	41.33	
5.035	41.65	
5.040	41.96	
5.045	42.27	
5.050	42.55	
5.055	42.88	
5.060	43.25	
5.065	43.62	
5.070	43.99	
5.075	44.34	
5.080	44.72	
5.085	45.11	
5.090	45.52	
5.095	45.94	
5.100	46.33	
5.105	46.72	
5.110	47.08	
5.115	47.48	
5.120	47.89	
5.125	48.31	
5.130	48.73	
5.135	49.11	
5.140	49.49	
5.145	49.84	
5.150	50.12	
5.155	50.33	
5.160	50.46	
5.165	50.54	
5.170	50.60	
5.175	50.67	
5.180	50.78	
5.185	50.90	
5.190	51.02	
5.195	51.11	
5.200	51.14	
5.205	51.12	
5.210	51.06	
5.215	50.98	
5.220	50.89	
5.225	50.83	
5.230	50.77	
5.235	50.70	
5.240	50.60	
5.245	50.44	
5.250	50.21	
5.255	49.96	
5.260	49.70	
5.265	49.46	
5.270	49.25	
5.275	49.08	
5.280	48.92	
5.285	48.69	
5.290	48.42	
5.295	48.06	
5.300	47.66	
5.305	47.24	
5.310	46.76	
5.315	46.28	
5.320	45.75	
5.325	45.21	
5.330	44.69	
5.335	44.19	
5.340	43.74	
5.345	43.30	
5.350	42.91	
5.355	42.54	
5.360	42.21	
5.365	41.91	
5.370	41.61	
5.375	41.33	
5.380	41.08	
5.385	40.87	
5.390	40.66	
5.395	40.45	
5.400	40.23	
5.405	39.99	
5.410	39.75	
5.415	39.55	
5.420	39.39	
5.425	39.28	
5.430	39.19	
5.435	39.13	
5.440	39.09	
5.445	39.05	
5.450	39.03	
5.455	39.02	
5.460	39.02	
5.465	39.02	
5.470	39.03	
5.475	39.06	
5.480	39.11	
5.485	39.18	
5.490	39.29	
5.495	39.41	
5.500	39.59	
5.505	39.81	
5.510	40.04	
5.515	40.27	
5.520	40.50	
5.525	40.73	
5.530	40.96	
5.535	41.24	
5.540	41.55	
5.545	41.87	
5.550	42.19	
5.555	42.50	
5.560	42.84	
5.565	43.21	
5.570	43.58	
5.575	43.95	
5.580	44.29	
5.585	44.69	
5.590	45.09	
5.595	45.49	
5.600	45.86	
5.605	46.21	
5.610	46.56	
5.615	46.92	
5.620	47.30	
5.625	47.70	
5.630	48.11	
5.635	48.54	
5.640	48.95	
5.645	49.38	
5.650	49.77	
5.655	50.08	
5.660	50.28	
5.665	50.40	
5.670	50.49	
5.675	50.56	
5.680	50.64	
5.685	50.73	
5.690	50.83	
5.695	50.94	
5.700	51.05	
5.705	51.10	
5.710	51.11	
5.715	51.06	
5.720	50.98	
5.725	50.90	
5.730	50.87	
5.735	50.85	
5.740	50.81	
5.745	50.71	
5.750	50.56	
5.755	50.35	
5.760	50.11	
5.765	49.85	
5.770	49.59	
5.775	49.37	
5.780	49.18	
5.785	49.01	
5.790	48.80	
5.795	48.55	
5.800	48.21	
5.805	47.82	
5.810	47.39	
5.815	46.91	
5.820	46.42	
5.825	45.91	
5.830	45.41	
5.835	44.92	
5.840	44.46	
5.845	44.02	
5.850	43.56	
5.855	43.12	
5.860	42.73	
5.865	42.42	
5.870	42.15	
5.875	41.84	
5.880	41.54	
5.885	41.24	
5.890	40.98	
5.895	40.74	
5.900	40.52	
5.905	40.31	
5.910	40.09	
5.915	39.87	
5.920	39.66	
5.925	39.48	
5.930	39.33	
5.935	39.23	
5.940	39.17	
5.945	39.11	
5.950	39.06	
5.955	39.02	
5.960	38.99	
5.965	38.97	
5.970	38.97	
5.975	38.99	
5.980	39.02	
5.985	39.06	
5.990	39.13	
5.995	39.24	
6.000	39.38	
6.005	39.55	
6.010	39.75	
6.015	39.97	
6.020	40.21	
6.025	40.44	
6.030	40.68	
6.035	40.92	
6.040	41.20	
6.045	41.53	
6.050	41.85	
6.055	42.15	
6.060	42.41	
6.065	42.71	
6.070	43.05	
6.075	43.40	
6.080	43.76	
6.085	44.10	
6.090	44.49	
6.095	44.88	
6.100	45.28	
6.105	45.67	
6.110	46.03	
6.115	46.43	
6.120	46.81	
6.125	47.22	
6.130	47.63	
6.135	48.04	
6.140	48.46	
6.145	48.88	
6.150	49.31	
6.155	49.73	
6.160	50.07	
6.165	50.32	
6.170	50.47	
6.175	50.57	
6.180	50.63	
6.185	50.69	
6.190	50.76	
6.195	50.84	
6.200	50.93	
6.205	51.00	
6.210	51.04	
6.215	51.05	
6.220	51.02	
6.225	50.96	
6.230	50.89	
6.235	50.85	
6.240	50.82	
6.245	50.78	
6.250	50.71	
6.255	50.59	
6.260	50.39	
6.265	50.16	
6.270	49.88	
6.275	49.61	
6.280	49.36	
6.285	49.14	
6.290	48.97	
6.295	48.79	
6.300	48.59	
6.305	48.30	
6.310	47.95	
6.315	47.54	
6.320	47.05	
6.325	46.57	
6.330	46.06	
6.335	45.58	
6.340	45.11	
6.345	44.62	
6.350	44.15	
6.355	43.67	
6.360	43.22	
6.365	42.83	
6.370	42.53	
6.375	42.26	
6.380	41.96	
6.385	41.65	
6.390	41.34	
6.395	41.07	
6.400	40.83	
6.405	40.60	
6.410	40.39	
6.415	40.17	
6.420	39.97	
6.425	39.76	
6.430	39.56	
6.435	39.39	
6.440	39.26	
6.445	39.17	
6.450	39.11	
6.455	39.05	
6.460	39.01	
6.465	38.99	
6.470	38.97	
6.475	38.97	
6.480	38.97	
6.485	39.00	
6.490	39.04	
6.495	39.09	
6.500	39.18	
6.505	39.28	
6.510	39.44	
6.515	39.65	
6.520	39.88	
6.525	40.12	
6.530	40.35	
6.535	40.58	
6.540	40.80	
6.545	41.04	
6.550	41.32	
6.555	41.61	
6.560	41.92	
6.565	42.21	
6.570	42.53	
6.575	42.87	
6.580	43.22	
6.585	43.58	
6.590	43.93	
6.595	44.34	
6.600	44.76	
6.605	45.19	
6.610	45.59	
6.615	45.96	
6.620	46.34	
6.625	46.72	
6.630	47.13	
6.635	47.53	
6.640	47.93	
6.645	48.33	
6.650	48.72	
6.655	49.12	
6.660	49.50	
6.665	49.84	
6.670	50.13	
6.675	50.34	
6.680	50.48	
6.685	50.56	
6.690	50.64	
6.695	50.74	
6.700	50.85	
6.705	50.97	
6.710	51.08	
6.715	51.13	
6.720	51.14	
6.725	51.09	
6.730	51.01	
6.735	50.92	
6.740	50.87	
6.745	50.86	
6.750	50.84	
6.755	50.79	
6.760	50.70	
6.765	50.55	
6.770	50.37	
6.775	50.12	
6.780	49.86	
6.785	49.59	
6.790	49.34	
6.795	49.12	
6.800	48.90	
6.805	48.68	
6.810	48.39	
6.815	48.05	
6.820	47.66	
6.825	47.22	
6.830	46.78	
6.835	46.29	
6.840	45.79	
6.845	45.29	
6.850	44.79	
6.855	44.32	
6.860	43.85	
6.865	43.42	
6.870	43.04	
6.875	42.70	
6.880	42.39	
6.885	42.06	
6.890	41.73	
6.895	41.41	
6.900	41.14	
6.905	40.91	
6.910	40.70	
6.915	40.51	
6.920	40.28	
6.925	40.03	
6.930	39.80	
6.935	39.59	
6.940	39.43	
6.945	39.31	
6.950	39.23	
6.955	39.17	
6.960	39.11	
6.965	39.07	
6.970	39.04	
6.975	39.01	
6.980	38.99	
6.985	38.99	
6.990	39.00	
6.995	39.03	
7.000	39.08	
7.005	39.16	
7.010	39.26	
7.015	39.41	
7.020	39.58	
7.025	39.79	
7.030	40.02	
7.035	40.26	
7.040	40.49	
7.045	40.71	
7.050	40.95	
7.055	41.24	
7.060	41.54	
7.065	41.84	
7.070	42.12	
7.075	42.43	
7.080	42.77	
7.085	43.12	
7.090	43.49	
7.095	43.84	
7.100	44.22	
7.105	44.60	
7.110	44.98	
7.115	45.36	
7.120	45.72	
7.125	46.15	
7.130	46.58	
7.135	47.03	
7.140	47.45	
7.145	47.86	
7.150	48.27	
7.155	48.66	
7.160	49.09	
7.165	49.51	
7.170	49.87	
7.175	50.15	
7.180	50.34	
7.185	50.46	
7.190	50.54	
7.195	50.60	
7.200	50.67	
7.205	50.76	
7.210	50.88	
7.215	51.01	
7.220	51.08	
7.225	51.10	
7.230	51.08	
7.235	51.03	
7.240	50.98	
7.245	50.92	
7.250	50.87	
7.255	50.81	
7.260	50.76	
7.265	50.68	
7.270	50.55	
7.275	50.37	
7.280	50.12	
7.285	49.83	
7.290	49.55	
7.295	49.31	
7.300	49.11	
7.305	48.93	
7.310	48.75	
7.315	48.49	
7.320	48.16	
7.325	47.78	
7.330	47.34	
7.335	46.91	
7.340	46.43	
7.345	45.94	
7.350	45.45	
7.355	44.93	
7.360	44.45	
7.365	43.95	
7.370	43.49	
7.375	43.08	
7.380	42.72	
7.385	42.41	
7.390	42.07	
7.395	41.74	
7.400	41.43	
7.405	41.16	
7.410	40.92	
7.415	40.71	
7.420	40.52	
7.425	40.30	
7.430	40.07	
7.435	39.85	
7.440	39.65	
7.445	39.48	
7.450	39.34	
7.455	39.23	
7.460	39.15	
7.465	39.09	
7.470	39.06	
7.475	39.04	
7.480	39.03	
7.485	39.02	
7.490	39.01	
7.495	39.02	
7.500	39.04	
7.505	39.08	
7.510	39.13	
7.515	39.21	
7.520	39.34	
7.525	39.51	
7.530	39.72	
7.535	39.96	
7.540	40.20	
7.545	40.45	
7.550	40.67	
7.555	40.89	
7.560	41.13	
7.565	41.38	
7.570	41.67	
7.575	41.97	
7.580	42.31	
7.585	42.66	
7.590	43.01	
7.595	43.39	
7.600	43.75	
7.605	44.12	
7.610	44.50	
7.615	44.87	
7.620	45.25	
7.625	45.62	
7.630	46.04	
7.635	46.47	
7.640	46.88	
7.645	47.27	
7.650	47.64	
7.655	48.04	
7.660	48.45	
7.665	48.87	
7.670	49.27	
7.675	49.63	
7.680	49.95	
7.685	50.20	
7.690	50.37	
7.695	50.48	
7.700	50.56	
7.705	50.64	
7.710	50.72	
7.715	50.83	
7.720	50.93	
7.725	51.02	
7.730	51.08	
7.735	51.09	
7.740	51.03	
7.745	50.94	
7.750	50.87	
7.755	50.83	
7.760	50.81	
7.765	50.81	
7.770	50.79	
7.775	50.67	
7.780	50.49	
7.785	50.23	
7.790	49.93	
7.795	49.63	
7.800	49.36	
7.805	49.15	
7.810	48.97	
7.815	48.81	
7.820	48.59	
7.825	48.29	
7.830	47.93	
7.835	47.51	
7.840	47.09	
7.845	46.63	
7.850	46.16	
7.855	45.67	
7.860	45.16	
7.865	44.67	
7.870	44.19	
7.875	43.75	
7.880	43.35	
7.885	42.96	
7.890	42.61	
7.895	42.25	
7.900	41.91	
7.905	41.59	
7.910	41.31	
7.915	41.06	
7.920	40.85	
7.925	40.66	
7.930	40.43	
7.935	40.18	
7.940	39.93	
7.945	39.70	
7.950	39.52	
7.955	39.37	
7.960	39.26	
7.965	39.18	
7.970	39.12	
7.975	39.07	
7.980	39.04	
7.985	39.01	
7.990	38.99	
7.995	38.99	
8.000	38.99	
8.005	39.01	
8.010	39.04	
8.015	39.09	
8.020	39.16	
8.025	39.27	
8.030	39.42	
8.035	39.61	
8.040	39.85	
8.045	40.09	
8.050	40.33	
8.055	40.54	
8.060	40.75	
8.065	40.99	
8.070	41.25	
8.075	41.54	
8.080	41.85	
8.085	42.18	
8.090	42.52	
8.095	42.85	
8.100	43.22	
8.105	43.57	
8.110	43.95	
8.115	44.32	
8.120	44.69	
8.125	45.07	
8.130	45.45	
8.135	45.89	
8.140	46.33	
8.145	46.77	
8.150	47.19	
8.155	47.58	
8.160	47.99	
8.165	48.38	
8.170	48.80	
8.175	49.21	
8.180	49.59	
8.185	49.94	
8.190	50.22	
8.195	50.40	
8.200	50.51	
8.205	50.58	
8.210	50.64	
8.215	50.71	
8.220	50.81	
8.225	50.92	
8.230	51.02	
8.235	51.11	
8.240	51.15	
8.245	51.10	
8.250	51.01	
8.255	50.93	
8.260	50.87	
8.265	50.83	
8.270	50.80	
8.275	50.74	
8.280	50.63	
8.285	50.49	
8.290	50.28	
8.295	50.02	
8.300	49.76	
8.305	49.52	
8.310	49.31	
8.315	49.12	
8.320	48.94	
8.325	48.72	
8.330	48.45	
8.335	48.14	
8.340	47.74	
8.345	47.30	
8.350	46.82	
8.355	46.32	
8.360	45.82	
8.365	45.29	
8.370	44.77	
8.375	44.27	
8.380	43.81	
8.385	43.39	
8.390	43.00	
8.395	42.65	
8.400	42.32	
8.405	42.01	
8.410	41.73	
8.415	41.46	
8.420	41.21	
8.425	40.96	
8.430	40.73	
8.435	40.49	
8.440	40.24	
8.445	40.01	
8.450	39.78	
8.455	39.59	
8.460	39.44	
8.465	39.32	
8.470	39.23	
8.475	39.16	
8.480	39.11	
8.485	39.06	
8.490	39.03	
8.495	39.01	
8.500	39.00	
8.505	39.01	
8.510	39.03	
8.515	39.05	
8.520	39.09	
8.525	39.14	
8.530	39.23	
8.535	39.37	
8.540	39.54	
8.545	39.76	
8.550	40.00	
8.555	40.25	
8.560	40.47	
8.565	40.69	
8.570	40.91	
8.575	41.14	
8.580	41.42	
8.585	41.73	
8.590	42.06	
8.595	42.38	
8.600	42.70	
8.605	43.06	
8.610	43.42	
8.615	43.80	
8.620	44.17	
8.625	44.54	
8.630	44.93	
8.635	45.32	
8.640	45.74	
8.645	46.17	
8.650	46.57	
8.655	46.93	
8.660	47.28	
8.665	47.69	
8.670	48.12	
8.675	48.55	
8.680	48.95	
8.685	49.32	
8.690	49.68	
8.695	49.98	
8.700	50.21	
8.705	50.36	
8.710	50.46	
8.715	50.56	
8.720	50.66	
8.725	50.80	
8.730	50.96	
8.735	51.09	
8.740	51.18	
8.745	51.21	
8.750	51.16	
8.755	51.06	
8.760	50.96	
8.765	50.88	
8.770	50.82	
8.775	50.79	
8.780	50.76	
8.785	50.67	
8.790	50.54	
8.795	50.32	
8.800	50.05	
8.805	49.78	
8.810	49.52	
8.815	49.31	
8.820	49.13	
8.825	48.97	
8.830	48.78	
8.835	48.51	
8.840	48.20	
8.845	47.82	
8.850	47.43	
8.855	47.00	
8.860	46.54	
8.865	46.06	
8.870	45.52	
8.875	44.99	
8.880	44.48	
8.885	44.01	
8.890	43.58	
8.895	43.16	
8.900	42.78	
8.905	42.43	
8.910	42.13	
8.915	41.84	
8.920	41.54	
8.925	41.25	
8.930	40.99	
8.935	40.77	
8.940	40.55	
8.945	40.32	
8.950	40.08	
8.955	39.85	
8.960	39.64	
8.965	39.47	
8.970	39.35	
8.975	39.26	
8.980	39.19	
8.985	39.13	
8.990	39.07	
8.995	39.03	
9.000	39.01	
9.005	39.00	
9.010	39.01	
9.015	39.02	
9.020	39.04	
9.025	39.07	
9.030	39.13	
9.035	39.21	
9.040	39.34	
9.045	39.48	
9.050	39.67	
9.055	39.87	
9.060	40.09	
9.065	40.31	
9.070	40.53	
9.075	40.77	
9.080	41.02	
9.085	41.32	
9.090	41.64	
9.095	41.96	
9.100	42.26	
9.105	42.55	
9.110	42.90	
9.115	43.26	
9.120	43.64	
9.125	44.01	
9.130	44.38	
9.135	44.79	
9.140	45.19	
9.145	45.61	
9.150	46.00	
9.155	46.38	
9.160	46.75	
9.165	47.11	
9.170	47.52	
9.175	47.93	
9.180	48.35	
9.185	48.75	
9.190	49.13	
9.195	49.51	
9.200	49.86	
9.205	50.15	
9.210	50.35	
9.215	50.48	
9.220	50.56	
9.225	50.63	
9.230	50.72	
9.235	50.85	
9.240	50.97	
9.245	51.09	
9.250	51.16	
9.255	51.15	
9.260	51.09	
9.265	51.00	
9.270	50.90	
9.275	50.82	
9.280	50.77	
9.285	50.74	
9.290	50.67	
9.295	50.57	
9.300	50.41	
9.305	50.20	
9.310	49.97	
9.315	49.72	
9.320	49.49	
9.325	49.27	
9.330	49.05	
9.335	48.83	
9.340	48.57	
9.345	48.29	
9.350	47.94	
9.355	47.57	
9.360	47.14	
9.365	46.67	
9.370	46.19	
9.375	45.66	
9.380	45.15	
9.385	44.65	
9.390	44.19	
9.395	43.75	
9.400	43.32	
9.405	42.93	
9.410	42.59	
9.415	42.32	
9.420	42.04	
9.425	41.74	
9.430	41.44	
9.435	41.15	
9.440	40.92	
9.445	40.69	
9.450	40.48	
9.455	40.26	
9.460	40.03	
9.465	39.80	
9.470	39.59	
9.475	39.42	
9.480	39.29	
9.485	39.19	
9.490	39.12	
9.495	39.07	
9.500	39.03	
9.505	39.00	
9.510	38.98	
9.515	38.97	
9.520	38.98	
9.525	38.99	
9.530	39.02	
9.535	39.05	
9.540	39.12	
9.545	39.22	
9.550	39.36	
9.555	39.52	
9.560	39.70	
9.565	39.92	
9.570	40.15	
9.575	40.39	
9.580	40.65	
9.585	40.89	
9.590	41.16	
9.595	41.43	
9.600	41.72	
9.605	42.01	
9.610	42.30	
9.615	42.65	
9.620	43.01	
9.625	43.38	
9.630	43.74	
9.635	44.10	
9.640	44.51	
9.645	44.91	
9.650	45.33	
9.655	45.71	
9.660	46.09	
9.665	46.48	
9.670	46.87	
9.675	47.28	
9.680	47.69	
9.685	48.11	
9.690	48.54	
9.695	48.95	
9.700	49.36	
9.705	49.73	
9.710	50.02	
9.715	50.23	
9.720	50.38	
9.725	50.49	
9.730	50.59	
9.735	50.68	
9.740	50.78	
9.745	50.89	
9.750	51.02	
9.755	51.12	
9.760	51.14	
9.765	51.09	
9.770	51.03	
9.775	50.98	
9.780	50.94	
9.785	50.93	
9.790	50.91	
9.795	50.85	
9.800	50.76	
9.805	50.61	
9.810	50.38	
9.815	50.13	
9.820	49.83	
9.825	49.54	
9.830	49.29	
9.835	49.08	
9.840	48.90	
9.845	48.70	
9.850	48.47	
9.855	48.16	
9.860	47.79	
9.865	47.38	
9.870	46.92	
9.875	46.47	
9.880	45.99	
9.885	45.53	
9.890	45.05	
9.895	44.57	
9.900	44.09	
9.905	43.60	
9.910	43.15	
9.915	42.78	
9.920	42.48	
9.925	42.20	
9.930	41.88	
9.935	41.57	
9.940	41.26	
9.945	41.00	
9.950	40.75	
9.955	40.53	
9.960	40.31	
9.965	40.09	
9.970	39.87	
9.975	39.67	
9.980	39.49	
9.985	39.35	
9.990	39.25	
9.995	39.19	
10.00	39.13	
10.01	39.07	
10.01	39.02	
10.02	38.99	
10.02	38.97	
10.03	38.97	
10.03	38.98	
10.04	39.00	
10.04	39.02	
10.05	39.08	
10.05	39.17	
10.06	39.29	
10.06	39.47	
10.07	39.67	
10.07	39.90	
10.08	40.15	
10.08	40.39	
10.09	40.63	
10.09	40.85	
10.10	41.12	
10.10	41.42	
10.11	41.72	
10.11	42.00	
10.12	42.27	
10.12	42.59	
10.13	42.92	
10.13	43.27	
10.14	43.63	
10.14	43.98	
10.15	44.37	
10.15	44.75	
10.16	45.15	
10.16	45.56	
10.17	45.96	
10.17	46.40	
10.18	46.83	
10.18	47.25	
10.19	47.63	
10.19	48.01	
10.20	48.39	
10.20	48.78	
10.21	49.19	
10.21	49.59	
10.22	49.95	
10.22	50.24	
10.23	50.45	
10.23	50.57	
10.24	50.65	
10.24	50.70	
10.25	50.77	
10.25	50.86	
10.26	50.97	
10.26	51.08	
10.27	51.14	
10.27	51.16	
10.28	51.13	
10.28	51.07	
10.29	51.01	
10.29	50.96	
10.30	50.92	
10.30	50.86	
10.31	50.79	
10.31	50.68	
10.32	50.54	
10.32	50.35	
10.33	50.08	
10.33	49.78	
10.34	49.50	
10.34	49.25	
10.35	49.06	
10.35	48.87	
10.36	48.67	
10.36	48.38	
10.37	48.04	
10.37	47.64	
10.38	47.18	
10.38	46.72	
10.39	46.23	
10.39	45.76	
10.40	45.26	
10.40	44.75	
10.41	44.26	
10.41	43.77	
10.42	43.34	
10.42	42.96	
10.43	42.65	
10.43	42.35	
10.44	42.02	
10.44	41.70	
10.45	41.39	
10.45	41.12	
10.46	40.89	
10.46	40.68	
10.47	40.48	
10.47	40.24	
10.48	40.00	
10.48	39.79	
10.49	39.61	
10.49	39.48	
10.50	39.36	
10.50	39.27	
10.51	39.18	
10.51	39.11	
10.52	39.05	
10.52	39.01	
10.53	38.98	
10.53	38.96	
10.54	38.96	
10.54	38.97	
10.55	38.98	
10.55	39.02	
10.56	39.08	
10.56	39.17	
10.57	39.32	
10.57	39.51	
10.58	39.73	
10.58	39.97	
10.59	40.21	
10.59	40.45	
10.60	40.68	
10.60	40.91	
10.61	41.15	
10.61	41.41	
10.62	41.71	
10.62	42.03	
10.63	42.37	
10.63	42.70	
10.64	43.05	
10.64	43.42	
10.65	43.79	
10.65	44.20	
10.66	44.61	
10.66	45.01	
10.67	45.39	
10.67	45.76	
10.68	46.19	
10.68	46.61	
10.69	47.03	
10.69	47.42	
10.70	47.81	
10.70	48.23	
10.71	48.65	
10.71	49.09	
10.72	49.50	
10.72	49.85	
10.73	50.14	
10.73	50.36	
10.74	50.49	
10.74	50.57	
10.75	50.64	
10.75	50.72	
10.76	50.82	
10.76	50.96	
10.77	51.08	
10.77	51.16	
10.78	51.19	
10.78	51.18	
10.79	51.14	
10.79	51.09	
10.80	51.03	
10.80	50.96	
10.81	50.90	
10.81	50.83	
10.82	50.74	
10.82	50.60	
10.83	50.41	
10.83	50.13	
10.84	49.81	
10.84	49.52	
10.85	49.28	
10.85	49.10	
10.86	48.98	
10.86	48.85	
10.87	48.61	
10.87	48.27	
10.88	47.85	
10.88	47.36	
10.89	46.89	
10.89	46.42	
10.90	45.98	
10.90	45.50	
10.91	44.99	
10.91	44.49	
10.92	43.99	
10.92	43.55	
10.93	43.15	
10.93	42.81	
10.94	42.48	
10.94	42.14	
10.95	41.81	
10.95	41.50	
10.96	41.24	
10.96	41.00	
10.97	40.79	
10.97	40.59	
10.98	40.35	
10.98	40.11	
10.99	39.88	
10.99	39.67	
11.00	39.50	
11.00	39.37	
11.01	39.27	
11.01	39.19	
11.02	39.14	
11.02	39.09	
11.03	39.04	
11.03	39.00	
11.04	38.99	
11.04	38.99	
11.05	39.01	
11.05	39.02	
11.06	39.05	
11.06	39.10	
11.07	39.18	
11.07	39.31	
11.08	39.47	
11.08	39.69	
11.09	39.96	
11.09	40.22	
11.10	40.47	
11.10	40.68	
11.11	40.89	
11.11	41.09	
11.12	41.33	
11.12	41.64	
11.13	41.96	
11.13	42.29	
11.14	42.60	
11.14	42.91	
11.15	43.26	
11.15	43.60	
11.16	43.97	
11.16	44.33	
11.17	44.72	
11.17	45.13	
11.18	45.56	
11.18	46.04	
11.19	46.50	
11.19	46.91	
11.20	47.26	
11.20	47.60	
11.21	47.99	
11.21	48.39	
11.22	48.82	
11.22	49.22	
11.23	49.60	
11.23	49.93	
11.24	50.19	
11.24	50.37	
11.25	50.49	
11.25	50.58	
11.26	50.68	
11.26	50.79	
11.27	50.90	
11.27	51.01	
11.28	51.08	
11.28	51.11	
11.29	51.09	
11.29	51.03	
11.30	50.97	
11.30	50.93	
11.31	50.91	
11.31	50.87	
11.32	50.81	
11.32	50.71	
11.33	50.58	
11.33	50.41	
11.34	50.16	
11.34	49.87	
11.35	49.58	
11.35	49.33	
11.36	49.14	
11.36	48.96	
11.37	48.79	
11.37	48.55	
11.38	48.24	
11.38	47.88	
11.39	47.48	
11.39	47.07	
11.40	46.60	
11.40	46.12	
11.41	45.62	
11.41	45.10	
11.42	44.60	
11.42	44.13	
11.43	43.70	
11.43	43.29	
11.44	42.91	
11.44	42.55	
11.45	42.20	
11.45	41.90	
11.46	41.61	
11.46	41.34	
11.47	41.10	
11.47	40.89	
11.48	40.70	
11.48	40.50	
11.49	40.29	
11.49	40.06	
11.50	39.81	
11.50	39.59	
11.51	39.42	
11.51	39.29	
11.52	39.19	
11.52	39.12	
11.53	39.07	
11.53	39.03	
11.54	39.01	
11.54	38.99	
11.55	38.97	
11.55	38.97	
11.56	38.97	
11.56	38.99	
11.57	39.04	
11.57	39.11	
11.58	39.23	
11.58	39.37	
11.59	39.55	
11.59	39.79	
11.60	40.04	
11.60	40.28	
11.61	40.51	
11.61	40.72	
11.62	40.93	
11.62	41.17	
11.63	41.48	
11.63	41.80	
11.64	42.15	
11.64	42.48	
11.65	42.82	
11.65	43.17	
11.66	43.53	
11.66	43.91	
11.67	44.28	
11.67	44.67	
11.68	45.07	
11.68	45.46	
11.69	45.87	
11.69	46.26	
11.70	46.65	
11.70	47.03	
11.71	47.43	
11.71	47.88	
11.72	48.31	
11.72	48.75	
11.73	49.16	
11.73	49.53	
11.74	49.87	
11.74	50.14	
11.75	50.34	
11.75	50.46	
11.76	50.54	
11.76	50.60	
11.77	50.67	
11.77	50.78	
11.78	50.89	
11.78	50.98	
11.79	51.03	
11.79	51.03	
11.80	50.98	
11.80	50.91	
11.81	50.85	
11.81	50.81	
11.82	50.78	
11.82	50.74	
11.83	50.69	
11.83	50.60	
11.84	50.46	
11.84	50.22	
11.85	49.92	
11.85	49.62	
11.86	49.34	
11.86	49.12	
11.87	48.94	
11.87	48.79	
11.88	48.58	
11.88	48.30	
11.89	47.97	
11.89	47.59	
11.90	47.21	
11.90	46.77	
11.91	46.31	
11.91	45.83	
11.92	45.33	
11.92	44.86	
11.93	44.41	
11.93	44.00	
11.94	43.58	
11.94	43.16	
11.95	42.76	
11.95	42.38	
11.96	42.06	
11.96	41.75	
11.97	41.48	
11.97	41.22	
11.98	40.97	
11.98	40.75	
11.99	40.52	
11.99	40.29	
12.00	40.06	
12.00	39.84	
12.01	39.65	
12.01	39.48	
12.02	39.36	
12.02	39.26	
12.03	39.17	
12.03	39.10	
12.04	39.04	
12.04	39.00	
12.05	38.97	
12.05	38.96	
12.06	38.96	
12.06	38.98	
12.07	39.00	
12.07	39.05	
12.08	39.10	
12.08	39.19	
12.09	39.31	
12.09	39.47	
12.10	39.68	
12.10	39.90	
12.11	40.14	
12.11	40.37	
12.12	40.59	
12.12	40.82	
12.13	41.05	
12.13	41.35	
12.14	41.65	
12.14	41.97	
12.15	42.27	
12.15	42.60	
12.16	42.99	
12.16	43.38	
12.17	43.77	
12.17	44.13	
12.18	44.49	
12.18	44.87	
12.19	45.25	
12.19	45.66	
12.20	46.05	
12.20	46.44	
12.21	46.83	
12.21	47.21	
12.22	47.64	
12.22	48.05	
12.23	48.48	
12.23	48.88	
12.24	49.26	
12.24	49.64	
12.25	49.96	
12.25	50.19	
12.26	50.34	
12.26	50.45	
12.27	50.56	
12.27	50.66	
12.28	50.78	
12.28	50.89	
12.29	51.00	
12.29	51.10	
12.30	51.15	
12.30	51.14	
12.31	51.09	
12.31	51.02	
12.32	50.95	
12.32	50.88	
12.33	50.82	
12.33	50.76	
12.34	50.66	
12.34	50.53	
12.35	50.32	
12.35	50.06	
12.36	49.78	
12.36	49.51	
12.37	49.27	
12.37	49.07	
12.38	48.91	
12.38	48.73	
12.39	48.51	
12.39	48.24	
12.40	47.89	
12.40	47.49	
12.41	47.02	
12.41	46.53	
12.42	46.04	
12.42	45.54	
12.43	45.08	
12.43	44.61	
12.44	44.17	
12.44	43.72	
12.45	43.26	
12.45	42.86	
12.46	42.53	
12.46	42.26	
12.47	41.98	
12.47	41.68	
12.48	41.39	
12.48	41.11	
12.49	40.87	
12.49	40.63	
12.50	40.42	
12.50	40.19	
12.51	39.96	
12.51	39.74	
12.52	39.55	
12.52	39.41	
12.53	39.29	
12.53	39.21	
12.54	39.14	
12.54	39.09	
12.55	39.05	
12.55	39.02	
12.56	39.00	
12.56	38.99	
12.57	38.99	
12.57	38.99	
12.58	39.02	
12.58	39.07	
12.59	39.14	
12.59	39.23	
12.60	39.36	
12.60	39.53	
12.61	39.73	
12.61	39.96	
12.62	40.20	
12.62	40.44	
12.63	40.66	
12.63	40.89	
12.64	41.18	
12.64	41.50	
12.65	41.81	
12.65	42.10	
12.66	42.40	
12.66	42.74	
12.67	43.10	
12.67	43.48	
12.68	43.85	
12.68	44.24	
12.69	44.67	
12.69	45.10	
12.70	45.54	
12.70	45.94	
12.71	46.33	
12.71	46.70	
12.72	47.07	
12.72	47.47	
12.73	47.85	
12.73	48.24	
12.74	48.63	
12.74	49.01	
12.75	49.39	
12.75	49.72	
12.76	49.98	
12.76	50.18	
12.77	50.33	
12.77	50.43	
12.78	50.53	
12.78	50.66	
12.79	50.81	
12.79	50.98	
12.80	51.14	
12.80	51.23	
12.81	51.23	
12.81	51.16	
12.82	51.06	
12.82	50.96	
12.83	50.88	