HBM_CATMAN_DATAFILE_40

2026-05-01
11:11
CHANNELS: 2
SEPARATOR: 9
MAXLINES: 2616               

Time  1 - default sample rate	UR_18 CH=7
s	%
2026-05-01-11:11	2026-05-01-11:11
	
T0 =2026-05-01 11:11:08	T0 =2026-05-01 11:11:08
dt =5 ms	dt =5 ms
CH 0	CH 4
Serial No. (Electronics / CP)Not available	Serial No. (Electronics / CP)9E500E53E
Not available ID=0	MX840A ID=5036
Not available ID=0	Not available ID=0
Not available ID=0	DC Current ID=421
x1=0 y1=0;x2=0 y2=0	x1=4 y1=0;x2=20 y2=100
         (Electr.)	mA       (Electr.)
         (Engin.)	%        (Engin.)
0  Nominal value	162.5 % Nominal value
Not available ID=0	Not available ID=0
Scaling = Engineering units ID=0	Scaling = Engineering units ID=0
0 V	20 V
Filter = Not available ID=0	Filter = Bessel lowpass ID=142
-	fg = 20 Hz ID=945
0  Zero	0 % Zero
0  Tare	0 % Tare
0  Software-Zero	0 % Software-Zero
Gage factor = 0	Gage factor = 0
Bridge factor = 0	Bridge factor = 0
Software scaling: None	Software scaling: None
Sensor: None	Sensor: DC current 4-20 mA
Sensor T-ID: None	Sensor T-ID: DC_A
Cable length correction Not available	Cable length correction Not available

0	50.70	
0.00500	50.83	
0.01000	50.87	
0.01500	50.87	
0.02000	50.87	
0.02500	50.93	
0.03000	51.12	
0.03500	51.39	
0.04000	51.64	
0.04500	51.81	
0.05000	51.84	
0.05500	51.64	
0.06000	51.33	
0.06500	50.93	
0.07000	50.52	
0.07500	50.17	
0.08000	49.89	
0.08500	49.69	
0.09000	49.54	
0.09500	49.42	
0.1000	49.23	
0.1050	48.95	
0.1100	48.60	
0.1150	48.15	
0.1200	47.67	
0.1250	47.14	
0.1300	46.60	
0.1350	46.10	
0.1400	45.65	
0.1450	45.26	
0.1500	44.85	
0.1550	44.45	
0.1600	44.01	
0.1650	43.55	
0.1700	43.12	
0.1750	42.75	
0.1800	42.47	
0.1850	42.24	
0.1900	42.07	
0.1950	41.90	
0.2000	41.71	
0.2050	41.52	
0.2100	41.33	
0.2150	41.17	
0.2200	41.02	
0.2250	40.86	
0.2300	40.69	
0.2350	40.43	
0.2400	40.15	
0.2450	39.84	
0.2500	39.55	
0.2550	39.30	
0.2600	39.08	
0.2650	38.89	
0.2700	38.72	
0.2750	38.56	
0.2800	38.45	
0.2850	38.42	
0.2900	38.43	
0.2950	38.46	
0.3000	38.50	
0.3050	38.59	
0.3100	38.74	
0.3150	38.92	
0.3200	39.15	
0.3250	39.38	
0.3300	39.66	
0.3350	39.97	
0.3400	40.31	
0.3450	40.69	
0.3500	41.07	
0.3550	41.49	
0.3600	41.91	
0.3650	42.35	
0.3700	42.83	
0.3750	43.34	
0.3800	43.89	
0.3850	44.45	
0.3900	45.08	
0.3950	45.76	
0.4000	46.51	
0.4050	47.36	
0.4100	48.19	
0.4150	49.00	
0.4200	49.70	
0.4250	50.13	
0.4300	50.27	
0.4350	50.24	
0.4400	50.13	
0.4450	50.04	
0.4500	50.03	
0.4550	50.10	
0.4600	50.25	
0.4650	50.46	
0.4700	50.67	
0.4750	50.81	
0.4800	50.88	
0.4850	50.90	
0.4900	50.89	
0.4950	50.94	
0.5000	51.13	
0.5050	51.40	
0.5100	51.65	
0.5150	51.81	
0.5200	51.81	
0.5250	51.59	
0.5300	51.27	
0.5350	50.91	
0.5400	50.56	
0.5450	50.23	
0.5500	49.89	
0.5550	49.60	
0.5600	49.40	
0.5650	49.28	
0.5700	49.11	
0.5750	48.86	
0.5800	48.53	
0.5850	48.09	
0.5900	47.61	
0.5950	47.07	
0.6000	46.54	
0.6050	46.04	
0.6100	45.57	
0.6150	45.15	
0.6200	44.74	
0.6250	44.34	
0.6300	43.93	
0.6350	43.49	
0.6400	43.08	
0.6450	42.71	
0.6500	42.39	
0.6550	42.10	
0.6600	41.83	
0.6650	41.62	
0.6700	41.46	
0.6750	41.33	
0.6800	41.21	
0.6850	41.07	
0.6900	40.93	
0.6950	40.77	
0.7000	40.60	
0.7050	40.40	
0.7100	40.18	
0.7150	39.91	
0.7200	39.63	
0.7250	39.36	
0.7300	39.15	
0.7350	38.97	
0.7400	38.80	
0.7450	38.63	
0.7500	38.50	
0.7550	38.44	
0.7600	38.44	
0.7650	38.46	
0.7700	38.52	
0.7750	38.63	
0.7800	38.79	
0.7850	38.97	
0.7900	39.16	
0.7950	39.37	
0.8000	39.67	
0.8050	40.02	
0.8100	40.38	
0.8150	40.72	
0.8200	41.06	
0.8250	41.48	
0.8300	41.92	
0.8350	42.42	
0.8400	42.94	
0.8450	43.47	
0.8500	44.03	
0.8550	44.59	
0.8600	45.20	
0.8650	45.81	
0.8700	46.48	
0.8750	47.31	
0.8800	51.03	
0.8850	61.84	
0.8900	75.07	
0.8950	79.86	
0.9000	74.24	
0.9050	64.46	
0.9100	56.22	
0.9150	51.56	
0.9200	49.86	
0.9250	49.72	
0.9300	50.09	
0.9350	50.48	
0.9400	50.73	
0.9450	50.86	
0.9500	50.92	
0.9550	50.93	
0.9600	50.90	
0.9650	50.93	
0.9700	51.08	
0.9750	51.30	
0.9800	51.53	
0.9850	51.72	
0.9900	51.73	
0.9950	51.53	
1.000	51.22	
1.005	50.86	
1.010	50.51	
1.015	50.16	
1.020	49.81	
1.025	49.53	
1.030	49.33	
1.035	49.19	
1.040	49.00	
1.045	48.75	
1.050	48.40	
1.055	47.97	
1.060	47.50	
1.065	46.97	
1.070	46.44	
1.075	45.93	
1.080	45.46	
1.085	45.03	
1.090	44.62	
1.095	44.23	
1.100	43.80	
1.105	43.35	
1.110	42.91	
1.115	42.49	
1.120	42.13	
1.125	41.80	
1.130	41.51	
1.135	41.28	
1.140	41.11	
1.145	40.98	
1.150	40.86	
1.155	40.74	
1.160	40.60	
1.165	40.46	
1.170	40.29	
1.175	40.08	
1.180	39.87	
1.185	39.64	
1.190	39.43	
1.195	39.23	
1.200	39.06	
1.205	38.91	
1.210	38.76	
1.215	38.63	
1.220	38.53	
1.225	38.47	
1.230	38.46	
1.235	38.50	
1.240	38.59	
1.245	38.71	
1.250	38.84	
1.255	39.00	
1.260	39.18	
1.265	39.40	
1.270	39.71	
1.275	40.05	
1.280	40.41	
1.285	40.76	
1.290	41.13	
1.295	41.57	
1.300	42.03	
1.305	42.54	
1.310	43.04	
1.315	43.54	
1.320	44.05	
1.325	44.58	
1.330	45.19	
1.335	45.83	
1.340	46.55	
1.345	47.34	
1.350	48.19	
1.355	49.10	
1.360	49.86	
1.365	50.23	
1.370	50.25	
1.375	50.12	
1.380	50.01	
1.385	49.97	
1.390	50.03	
1.395	50.14	
1.400	50.31	
1.405	50.50	
1.410	50.69	
1.415	50.84	
1.420	50.95	
1.425	50.98	
1.430	50.97	
1.435	51.01	
1.440	51.18	
1.445	51.40	
1.450	51.64	
1.455	51.81	
1.460	51.79	
1.465	51.58	
1.470	51.27	
1.475	50.90	
1.480	50.54	
1.485	50.17	
1.490	49.82	
1.495	49.54	
1.500	49.36	
1.505	49.23	
1.510	49.05	
1.515	48.81	
1.520	48.44	
1.525	47.98	
1.530	47.47	
1.535	46.92	
1.540	46.40	
1.545	45.89	
1.550	45.41	
1.555	44.96	
1.560	44.53	
1.565	44.12	
1.570	43.65	
1.575	43.19	
1.580	42.76	
1.585	42.39	
1.590	42.08	
1.595	41.79	
1.600	41.53	
1.605	41.32	
1.610	41.16	
1.615	41.02	
1.620	40.89	
1.625	40.75	
1.630	40.59	
1.635	40.41	
1.640	40.21	
1.645	39.99	
1.650	39.78	
1.655	39.57	
1.660	39.38	
1.665	39.20	
1.670	39.04	
1.675	38.88	
1.680	38.71	
1.685	38.56	
1.690	38.45	
1.695	38.39	
1.700	38.40	
1.705	38.48	
1.710	38.58	
1.715	38.72	
1.720	38.86	
1.725	39.03	
1.730	39.22	
1.735	39.46	
1.740	39.77	
1.745	40.10	
1.750	40.46	
1.755	40.82	
1.760	41.21	
1.765	41.66	
1.770	42.12	
1.775	42.62	
1.780	43.13	
1.785	43.66	
1.790	44.21	
1.795	44.78	
1.800	45.40	
1.805	46.04	
1.810	46.83	
1.815	47.72	
1.820	48.62	
1.825	49.47	
1.830	50.09	
1.835	50.34	
1.840	50.32	
1.845	50.19	
1.850	50.07	
1.855	50.03	
1.860	50.09	
1.865	50.20	
1.870	50.39	
1.875	50.60	
1.880	50.79	
1.885	50.91	
1.890	50.97	
1.895	50.97	
1.900	50.95	
1.905	51.05	
1.910	51.28	
1.915	51.55	
1.920	51.80	
1.925	51.94	
1.930	51.86	
1.935	51.60	
1.940	51.22	
1.945	50.79	
1.950	50.38	
1.955	50.00	
1.960	49.69	
1.965	49.46	
1.970	49.30	
1.975	49.15	
1.980	48.91	
1.985	48.60	
1.990	48.21	
1.995	47.78	
2.000	47.29	
2.005	46.75	
2.010	46.21	
2.015	45.68	
2.020	45.22	
2.025	44.78	
2.030	44.37	
2.035	43.96	
2.040	43.51	
2.045	43.07	
2.050	42.65	
2.055	42.28	
2.060	41.97	
2.065	41.71	
2.070	41.50	
2.075	41.31	
2.080	41.15	
2.085	41.00	
2.090	40.84	
2.095	40.68	
2.100	40.50	
2.105	40.31	
2.110	40.10	
2.115	39.89	
2.120	39.68	
2.125	39.48	
2.130	39.31	
2.135	39.15	
2.140	39.00	
2.145	38.85	
2.150	38.69	
2.155	38.55	
2.160	38.46	
2.165	38.41	
2.170	38.43	
2.175	38.48	
2.180	38.58	
2.185	38.73	
2.190	38.90	
2.195	39.10	
2.200	39.31	
2.205	39.56	
2.210	39.87	
2.215	40.20	
2.220	40.56	
2.225	40.91	
2.230	41.31	
2.235	41.73	
2.240	42.20	
2.245	42.74	
2.250	43.29	
2.255	43.87	
2.260	44.46	
2.265	45.06	
2.270	45.72	
2.275	46.39	
2.280	47.16	
2.285	47.93	
2.290	48.69	
2.295	49.39	
2.300	49.88	
2.305	50.08	
2.310	50.08	
2.315	50.02	
2.320	49.98	
2.325	50.01	
2.330	50.10	
2.335	50.25	
2.340	50.46	
2.345	50.69	
2.350	50.87	
2.355	50.96	
2.360	50.99	
2.365	51.00	
2.370	51.03	
2.375	51.18	
2.380	51.43	
2.385	51.69	
2.390	51.90	
2.395	51.99	
2.400	51.85	
2.405	51.54	
2.410	51.13	
2.415	50.68	
2.420	50.27	
2.425	49.91	
2.430	49.62	
2.435	49.40	
2.440	49.25	
2.445	49.07	
2.450	48.82	
2.455	48.50	
2.460	48.08	
2.465	47.61	
2.470	47.10	
2.475	46.56	
2.480	46.03	
2.485	45.51	
2.490	45.03	
2.495	44.58	
2.500	44.16	
2.505	43.74	
2.510	43.27	
2.515	42.83	
2.520	42.42	
2.525	42.08	
2.530	41.83	
2.535	41.65	
2.540	41.51	
2.545	41.38	
2.550	41.25	
2.555	41.06	
2.560	40.84	
2.565	40.61	
2.570	40.36	
2.575	40.12	
2.580	39.88	
2.585	39.66	
2.590	39.46	
2.595	39.31	
2.600	39.17	
2.605	39.04	
2.610	38.91	
2.615	38.78	
2.620	38.64	
2.625	38.53	
2.630	38.46	
2.635	38.42	
2.640	38.45	
2.645	38.53	
2.650	38.65	
2.655	38.82	
2.660	39.00	
2.665	39.21	
2.670	39.41	
2.675	39.68	
2.680	39.99	
2.685	40.34	
2.690	40.72	
2.695	41.09	
2.700	41.51	
2.705	41.94	
2.710	42.40	
2.715	42.91	
2.720	43.43	
2.725	44.02	
2.730	44.61	
2.735	45.26	
2.740	45.96	
2.745	46.71	
2.750	47.56	
2.755	48.38	
2.760	49.13	
2.765	49.76	
2.770	50.14	
2.775	50.26	
2.780	50.22	
2.785	50.16	
2.790	50.13	
2.795	50.17	
2.800	50.26	
2.805	50.39	
2.810	50.58	
2.815	50.77	
2.820	50.89	
2.825	50.94	
2.830	50.95	
2.835	50.97	
2.840	51.05	
2.845	51.26	
2.850	51.53	
2.855	51.77	
2.860	51.92	
2.865	51.90	
2.870	51.66	
2.875	51.30	
2.880	50.87	
2.885	50.42	
2.890	50.03	
2.895	49.71	
2.900	49.46	
2.905	49.30	
2.910	49.17	
2.915	48.97	
2.920	48.63	
2.925	48.21	
2.930	47.73	
2.935	47.25	
2.940	46.77	
2.945	46.31	
2.950	45.85	
2.955	45.35	
2.960	44.86	
2.965	44.34	
2.970	43.86	
2.975	43.39	
2.980	42.96	
2.985	42.57	
2.990	42.23	
2.995	41.94	
3.000	41.72	
3.005	41.57	
3.010	41.44	
3.015	41.30	
3.020	41.14	
3.025	40.96	
3.030	40.76	
3.035	40.55	
3.040	40.31	
3.045	40.07	
3.050	39.84	
3.055	39.63	
3.060	39.44	
3.065	39.27	
3.070	39.12	
3.075	38.96	
3.080	38.80	
3.085	38.65	
3.090	38.51	
3.095	38.42	
3.100	38.37	
3.105	38.38	
3.110	38.44	
3.115	38.54	
3.120	38.67	
3.125	38.83	
3.130	39.00	
3.135	39.21	
3.140	39.43	
3.145	39.74	
3.150	40.09	
3.155	40.47	
3.160	40.89	
3.165	41.30	
3.170	41.79	
3.175	42.27	
3.180	42.76	
3.185	43.26	
3.190	43.76	
3.195	44.31	
3.200	44.88	
3.205	45.56	
3.210	46.29	
3.215	47.08	
3.220	47.93	
3.225	48.71	
3.230	49.40	
3.235	49.94	
3.240	50.22	
3.245	50.27	
3.250	50.20	
3.255	50.15	
3.260	50.16	
3.265	50.23	
3.270	50.35	
3.275	50.51	
3.280	50.70	
3.285	50.87	
3.290	50.97	
3.295	51.00	
3.300	51.03	
3.305	51.08	
3.310	51.20	
3.315	51.43	
3.320	51.70	
3.325	51.88	
3.330	51.96	
3.335	51.85	
3.340	51.53	
3.345	51.12	
3.350	50.68	
3.355	50.28	
3.360	49.93	
3.365	49.63	
3.370	49.40	
3.375	49.23	
3.380	49.08	
3.385	48.82	
3.390	48.45	
3.395	48.00	
3.400	47.50	
3.405	47.01	
3.410	46.52	
3.415	46.04	
3.420	45.56	
3.425	45.06	
3.430	44.58	
3.435	44.08	
3.440	43.60	
3.445	43.15	
3.450	42.74	
3.455	42.37	
3.460	42.02	
3.465	41.72	
3.470	41.49	
3.475	41.34	
3.480	41.21	
3.485	41.07	
3.490	40.90	
3.495	40.68	
3.500	40.43	
3.505	40.21	
3.510	40.02	
3.515	39.85	
3.520	39.66	
3.525	39.48	
3.530	39.30	
3.535	39.14	
3.540	38.98	
3.545	38.82	
3.550	38.66	
3.555	38.52	
3.560	38.40	
3.565	38.32	
3.570	38.30	
3.575	38.34	
3.580	38.45	
3.585	38.60	
3.590	38.76	
3.595	38.92	
3.600	39.09	
3.605	39.29	
3.610	39.53	
3.615	39.85	
3.620	40.20	
3.625	40.61	
3.630	41.02	
3.635	41.45	
3.640	41.92	
3.645	42.38	
3.650	42.89	
3.655	43.41	
3.660	43.94	
3.665	44.51	
3.670	45.10	
3.675	45.76	
3.680	46.45	
3.685	47.22	
3.690	48.04	
3.695	48.78	
3.700	49.38	
3.705	49.81	
3.710	50.04	
3.715	50.11	
3.720	50.13	
3.725	50.16	
3.730	50.21	
3.735	50.30	
3.740	50.41	
3.745	50.55	
3.750	50.72	
3.755	50.86	
3.760	50.94	
3.765	50.96	
3.770	50.97	
3.775	50.99	
3.780	51.10	
3.785	51.34	
3.790	51.61	
3.795	51.80	
3.800	51.86	
3.805	51.71	
3.810	51.36	
3.815	50.92	
3.820	50.44	
3.825	50.02	
3.830	49.68	
3.835	49.43	
3.840	49.25	
3.845	49.12	
3.850	48.98	
3.855	48.70	
3.860	48.32	
3.865	47.84	
3.870	47.30	
3.875	46.77	
3.880	46.27	
3.885	45.82	
3.890	45.37	
3.895	44.92	
3.900	44.47	
3.905	43.99	
3.910	43.53	
3.915	43.08	
3.920	42.68	
3.925	42.31	
3.930	41.96	
3.935	41.67	
3.940	41.44	
3.945	41.27	
3.950	41.13	
3.955	40.99	
3.960	40.83	
3.965	40.64	
3.970	40.44	
3.975	40.24	
3.980	40.07	
3.985	39.88	
3.990	39.68	
3.995	39.47	
4.000	39.28	
4.005	39.11	
4.010	38.93	
4.015	38.74	
4.020	38.57	
4.025	38.42	
4.030	38.32	
4.035	38.27	
4.040	38.28	
4.045	38.33	
4.050	38.43	
4.055	38.56	
4.060	38.72	
4.065	38.90	
4.070	39.10	
4.075	39.33	
4.080	39.59	
4.085	39.92	
4.090	40.28	
4.095	40.70	
4.100	41.13	
4.105	41.58	
4.110	42.07	
4.115	42.54	
4.120	43.05	
4.125	43.55	
4.130	44.09	
4.135	44.69	
4.140	45.31	
4.145	46.01	
4.150	46.74	
4.155	47.58	
4.160	48.46	
4.165	49.21	
4.170	49.74	
4.175	50.03	
4.180	50.12	
4.185	50.10	
4.190	50.06	
4.195	50.07	
4.200	50.13	
4.205	50.25	
4.210	50.40	
4.215	50.60	
4.220	50.81	
4.225	50.97	
4.230	51.03	
4.235	51.02	
4.240	51.03	
4.245	51.07	
4.250	51.23	
4.255	51.49	
4.260	51.74	
4.265	51.85	
4.270	51.82	
4.275	51.59	
4.280	51.21	
4.285	50.78	
4.290	50.34	
4.295	49.95	
4.300	49.66	
4.305	49.45	
4.310	49.29	
4.315	49.16	
4.320	48.99	
4.325	48.65	
4.330	48.22	
4.335	47.69	
4.340	47.14	
4.345	46.63	
4.350	46.17	
4.355	45.76	
4.360	45.33	
4.365	44.88	
4.370	44.40	
4.375	43.88	
4.380	43.40	
4.385	42.95	
4.390	42.56	
4.395	42.20	
4.400	41.86	
4.405	41.57	
4.410	41.35	
4.415	41.19	
4.420	41.05	
4.425	40.91	
4.430	40.75	
4.435	40.57	
4.440	40.37	
4.445	40.14	
4.450	39.91	
4.455	39.69	
4.460	39.50	
4.465	39.33	
4.470	39.18	
4.475	39.03	
4.480	38.86	
4.485	38.68	
4.490	38.52	
4.495	38.38	
4.500	38.29	
4.505	38.27	
4.510	38.30	
4.515	38.40	
4.520	38.54	
4.525	38.71	
4.530	38.88	
4.535	39.05	
4.540	39.24	
4.545	39.45	
4.550	39.72	
4.555	40.07	
4.560	40.46	
4.565	40.91	
4.570	41.37	
4.575	41.85	
4.580	42.34	
4.585	42.81	
4.590	43.30	
4.595	43.79	
4.600	44.34	
4.605	44.92	
4.610	45.53	
4.615	46.21	
4.620	46.97	
4.625	47.95	
4.630	48.99	
4.635	49.80	
4.640	50.25	
4.645	50.39	
4.650	50.32	
4.655	50.18	
4.660	50.09	
4.665	50.08	
4.670	50.15	
4.675	50.29	
4.680	50.46	
4.685	50.66	
4.690	50.86	
4.695	50.99	
4.700	51.02	
4.705	51.02	
4.710	51.04	
4.715	51.12	
4.720	51.33	
4.725	51.65	
4.730	51.91	
4.735	51.98	
4.740	51.88	
4.745	51.56	
4.750	51.14	
4.755	50.68	
4.760	50.21	
4.765	49.82	
4.770	49.53	
4.775	49.35	
4.780	49.20	
4.785	49.06	
4.790	48.84	
4.795	48.46	
4.800	48.00	
4.805	47.48	
4.810	46.97	
4.815	46.47	
4.820	45.96	
4.825	45.49	
4.830	45.00	
4.835	44.55	
4.840	44.08	
4.845	43.60	
4.850	43.15	
4.855	42.75	
4.860	42.42	
4.865	42.11	
4.870	41.84	
4.875	41.62	
4.880	41.45	
4.885	41.33	
4.890	41.18	
4.895	41.01	
4.900	40.80	
4.905	40.56	
4.910	40.33	
4.915	40.08	
4.920	39.85	
4.925	39.63	
4.930	39.45	
4.935	39.29	
4.940	39.14	
4.945	38.99	
4.950	38.81	
4.955	38.63	
4.960	38.48	
4.965	38.38	
4.970	38.33	
4.975	38.34	
4.980	38.38	
4.985	38.47	
4.990	38.58	
4.995	38.74	
5.000	38.93	
5.005	39.15	
5.010	39.39	
5.015	39.65	
5.020	39.94	
5.025	40.26	
5.030	40.63	
5.035	41.06	
5.040	41.52	
5.045	42.01	
5.050	42.51	
5.055	43.01	
5.060	43.56	
5.065	44.11	
5.070	44.71	
5.075	45.31	
5.080	45.94	
5.085	46.63	
5.090	47.36	
5.095	48.22	
5.100	49.06	
5.105	49.64	
5.110	49.91	
5.115	49.97	
5.120	49.97	
5.125	49.97	
5.130	50.03	
5.135	50.14	
5.140	50.29	
5.145	50.48	
5.150	50.65	
5.155	50.77	
5.160	50.85	
5.165	50.88	
5.170	50.88	
5.175	50.92	
5.180	51.05	
5.185	51.23	
5.190	51.46	
5.195	51.69	
5.200	51.81	
5.205	51.78	
5.210	51.61	
5.215	51.28	
5.220	50.88	
5.225	50.46	
5.230	50.07	
5.235	49.75	
5.240	49.53	
5.245	49.37	
5.250	49.21	
5.255	49.03	
5.260	48.75	
5.265	48.33	
5.270	47.84	
5.275	47.29	
5.280	46.76	
5.285	46.26	
5.290	45.79	
5.295	45.34	
5.300	44.88	
5.305	44.43	
5.310	43.95	
5.315	43.48	
5.320	43.05	
5.325	42.66	
5.330	42.32	
5.335	42.01	
5.340	41.74	
5.345	41.51	
5.350	41.32	
5.355	41.16	
5.360	40.99	
5.365	40.83	
5.370	40.64	
5.375	40.44	
5.380	40.22	
5.385	39.98	
5.390	39.75	
5.395	39.53	
5.400	39.36	
5.405	39.20	
5.410	39.04	
5.415	38.89	
5.420	38.74	
5.425	38.59	
5.430	38.45	
5.435	38.34	
5.440	38.28	
5.445	38.31	
5.450	38.39	
5.455	38.51	
5.460	38.65	
5.465	38.83	
5.470	39.03	
5.475	39.26	
5.480	39.52	
5.485	39.78	
5.490	40.09	
5.495	40.46	
5.500	40.86	
5.505	41.33	
5.510	41.81	
5.515	42.32	
5.520	42.81	
5.525	43.29	
5.530	43.80	
5.535	44.32	
5.540	44.92	
5.545	45.53	
5.550	46.22	
5.555	46.98	
5.560	47.77	
5.565	48.61	
5.570	49.34	
5.575	49.82	
5.580	50.04	
5.585	50.08	
5.590	50.02	
5.595	49.96	
5.600	49.98	
5.605	50.08	
5.610	50.25	
5.615	50.45	
5.620	50.64	
5.625	50.81	
5.630	50.92	
5.635	50.98	
5.640	51.00	
5.645	51.07	
5.650	51.21	
5.655	51.41	
5.660	51.65	
5.665	51.86	
5.670	51.92	
5.675	51.81	
5.680	51.55	
5.685	51.17	
5.690	50.76	
5.695	50.34	
5.700	49.95	
5.705	49.65	
5.710	49.44	
5.715	49.30	
5.720	49.13	
5.725	48.94	
5.730	48.62	
5.735	48.17	
5.740	47.66	
5.745	47.09	
5.750	46.56	
5.755	46.04	
5.760	45.56	
5.765	45.12	
5.770	44.68	
5.775	44.26	
5.780	43.78	
5.785	43.30	
5.790	42.86	
5.795	42.49	
5.800	42.19	
5.805	41.90	
5.810	41.63	
5.815	41.40	
5.820	41.21	
5.825	41.04	
5.830	40.86	
5.835	40.68	
5.840	40.49	
5.845	40.31	
5.850	40.13	
5.855	39.94	
5.860	39.75	
5.865	39.55	
5.870	39.36	
5.875	39.17	
5.880	39.00	
5.885	38.83	
5.890	38.65	
5.895	38.47	
5.900	38.34	
5.905	38.24	
5.910	38.23	
5.915	38.29	
5.920	38.39	
5.925	38.53	
5.930	38.68	
5.935	38.85	
5.940	39.04	
5.945	39.26	
5.950	39.56	
5.955	39.87	
5.960	40.22	
5.965	40.57	
5.970	40.96	
5.975	41.42	
5.980	41.89	
5.985	42.44	
5.990	42.99	
5.995	43.56	
6.000	44.13	
6.005	44.70	
6.010	45.30	
6.015	45.89	
6.020	46.56	
6.025	47.29	
6.030	48.10	
6.035	49.02	
6.040	49.79	
6.045	50.19	
6.050	50.26	
6.055	50.17	
6.060	50.07	
6.065	50.04	
6.070	50.10	
6.075	50.24	
6.080	50.43	
6.085	50.64	
6.090	50.81	
6.095	50.91	
6.100	50.96	
6.105	50.97	
6.110	51.00	
6.115	51.12	
6.120	51.34	
6.125	51.60	
6.130	51.83	
6.135	51.97	
6.140	51.93	
6.145	51.72	
6.150	51.38	
6.155	50.95	
6.160	50.53	
6.165	50.13	
6.170	49.79	
6.175	49.55	
6.180	49.40	
6.185	49.27	
6.190	49.08	
6.195	48.83	
6.200	48.46	
6.205	48.01	
6.210	47.50	
6.215	46.92	
6.220	46.37	
6.225	45.84	
6.230	45.38	
6.235	44.93	
6.240	44.47	
6.245	44.03	
6.250	43.55	
6.255	43.09	
6.260	42.70	
6.265	42.38	
6.270	42.14	
6.275	41.92	
6.280	41.72	
6.285	41.53	
6.290	41.36	
6.295	41.17	
6.300	40.97	
6.305	40.76	
6.310	40.51	
6.315	40.25	
6.320	39.99	
6.325	39.75	
6.330	39.53	
6.335	39.33	
6.340	39.16	
6.345	38.98	
6.350	38.79	
6.355	38.60	
6.360	38.43	
6.365	38.29	
6.370	38.22	
6.375	38.20	
6.380	38.23	
6.385	38.30	
6.390	38.40	
6.395	38.54	
6.400	38.70	
6.405	38.90	
6.410	39.11	
6.415	39.36	
6.420	39.66	
6.425	39.99	
6.430	40.36	
6.435	40.73	
6.440	41.15	
6.445	41.62	
6.450	42.10	
6.455	42.65	
6.460	43.20	
6.465	43.78	
6.470	44.36	
6.475	44.96	
6.480	45.61	
6.485	46.25	
6.490	46.95	
6.495	47.67	
6.500	48.41	
6.505	49.12	
6.510	49.65	
6.515	49.92	
6.520	49.99	
6.525	50.00	
6.530	50.02	
6.535	50.09	
6.540	50.20	
6.545	50.34	
6.550	50.52	
6.555	50.72	
6.560	50.88	
6.565	50.95	
6.570	50.98	
6.575	51.00	
6.580	51.04	
6.585	51.21	
6.590	51.47	
6.595	51.73	
6.600	51.92	
6.605	51.98	
6.610	51.82	
6.615	51.53	
6.620	51.15	
6.625	50.77	
6.630	50.41	
6.635	50.06	
6.640	49.75	
6.645	49.52	
6.650	49.36	
6.655	49.18	
6.660	48.92	
6.665	48.59	
6.670	48.17	
6.675	47.72	
6.680	47.22	
6.685	46.66	
6.690	46.11	
6.695	45.57	
6.700	45.09	
6.705	44.62	
6.710	44.16	
6.715	43.72	
6.720	43.27	
6.725	42.85	
6.730	42.48	
6.735	42.18	
6.740	41.92	
6.745	41.68	
6.750	41.47	
6.755	41.28	
6.760	41.10	
6.765	40.90	
6.770	40.70	
6.775	40.49	
6.780	40.28	
6.785	40.07	
6.790	39.86	
6.795	39.67	
6.800	39.48	
6.805	39.32	
6.810	39.18	
6.815	39.03	
6.820	38.88	
6.825	38.73	
6.830	38.58	
6.835	38.45	
6.840	38.36	
6.845	38.31	
6.850	38.33	
6.855	38.41	
6.860	38.53	
6.865	38.69	
6.870	38.88	
6.875	39.09	
6.880	39.30	
6.885	39.57	
6.890	39.90	
6.895	40.24	
6.900	40.61	
6.905	40.96	
6.910	41.37	
6.915	41.82	
6.920	42.31	
6.925	42.87	
6.930	43.43	
6.935	44.03	
6.940	44.62	
6.945	45.23	
6.950	45.85	
6.955	46.50	
6.960	47.25	
6.965	48.00	
6.970	48.74	
6.975	49.40	
6.980	49.83	
6.985	49.96	
6.990	49.92	
6.995	49.89	
7.000	49.93	
7.005	50.04	
7.010	50.19	
7.015	50.35	
7.020	50.55	
7.025	50.74	
7.030	50.86	
7.035	50.90	
7.040	50.90	
7.045	50.92	
7.050	50.98	
7.055	51.18	
7.060	51.46	
7.065	51.73	
7.070	51.93	
7.075	51.97	
7.080	51.77	
7.085	51.42	
7.090	50.97	
7.095	50.51	
7.100	50.10	
7.105	49.76	
7.110	49.51	
7.115	49.34	
7.120	49.23	
7.125	49.08	
7.130	48.85	
7.135	48.53	
7.140	48.08	
7.145	47.58	
7.150	47.03	
7.155	46.48	
7.160	45.96	
7.165	45.44	
7.170	44.97	
7.175	44.49	
7.180	44.05	
7.185	43.61	
7.190	43.17	
7.195	42.78	
7.200	42.45	
7.205	42.19	
7.210	41.96	
7.215	41.74	
7.220	41.53	
7.225	41.33	
7.230	41.14	
7.235	40.93	
7.240	40.71	
7.245	40.49	
7.250	40.26	
7.255	40.05	
7.260	39.83	
7.265	39.62	
7.270	39.43	
7.275	39.26	
7.280	39.09	
7.285	38.91	
7.290	38.74	
7.295	38.56	
7.300	38.40	
7.305	38.29	
7.310	38.24	
7.315	38.24	
7.320	38.30	
7.325	38.39	
7.330	38.53	
7.335	38.72	
7.340	38.92	
7.345	39.16	
7.350	39.40	
7.355	39.69	
7.360	40.01	
7.365	40.35	
7.370	40.71	
7.375	41.07	
7.380	41.50	
7.385	41.95	
7.390	42.45	
7.395	43.01	
7.400	43.57	
7.405	44.17	
7.410	44.77	
7.415	45.38	
7.420	45.99	
7.425	46.65	
7.430	47.42	
7.435	48.18	
7.440	48.88	
7.445	49.44	
7.450	49.77	
7.455	49.88	
7.460	49.87	
7.465	49.89	
7.470	49.96	
7.475	50.07	
7.480	50.22	
7.485	50.37	
7.490	50.55	
7.495	50.72	
7.500	50.81	
7.505	50.85	
7.510	50.87	
7.515	50.92	
7.520	51.03	
7.525	51.27	
7.530	51.57	
7.535	51.81	
7.540	51.95	
7.545	51.90	
7.550	51.63	
7.555	51.23	
7.560	50.79	
7.565	50.37	
7.570	50.02	
7.575	49.73	
7.580	49.51	
7.585	49.35	
7.590	49.22	
7.595	49.02	
7.600	48.72	
7.605	48.34	
7.610	47.87	
7.615	47.37	
7.620	46.84	
7.625	46.33	
7.630	45.82	
7.635	45.31	
7.640	44.84	
7.645	44.35	
7.650	43.89	
7.655	43.45	
7.660	43.03	
7.665	42.67	
7.670	42.38	
7.675	42.15	
7.680	41.96	
7.685	41.78	
7.690	41.59	
7.695	41.39	
7.700	41.19	
7.705	40.97	
7.710	40.75	
7.715	40.54	
7.720	40.33	
7.725	40.12	
7.730	39.88	
7.735	39.63	
7.740	39.39	
7.745	39.19	
7.750	38.99	
7.755	38.78	
7.760	38.59	
7.765	38.41	
7.770	38.27	
7.775	38.18	
7.780	38.16	
7.785	38.20	
7.790	38.28	
7.795	38.39	
7.800	38.56	
7.805	38.75	
7.810	38.97	
7.815	39.24	
7.820	39.51	
7.825	39.83	
7.830	40.17	
7.835	40.53	
7.840	40.90	
7.845	41.28	
7.850	41.72	
7.855	42.16	
7.860	42.66	
7.865	43.20	
7.870	43.74	
7.875	44.31	
7.880	44.89	
7.885	45.55	
7.890	46.25	
7.895	46.99	
7.900	47.76	
7.905	48.45	
7.910	49.03	
7.915	49.45	
7.920	49.69	
7.925	49.78	
7.930	49.81	
7.935	49.88	
7.940	49.99	
7.945	50.15	
7.950	50.34	
7.955	50.53	
7.960	50.73	
7.965	50.89	
7.970	50.97	
7.975	50.99	
7.980	51.01	
7.985	51.05	
7.990	51.16	
7.995	51.40	
8.000	51.67	
8.005	51.86	
8.010	51.94	
8.015	51.81	
8.020	51.49	
8.025	51.07	
8.030	50.61	
8.035	50.18	
8.040	49.83	
8.045	49.56	
8.050	49.37	
8.055	49.23	
8.060	49.10	
8.065	48.84	
8.070	48.46	
8.075	48.01	
8.080	47.52	
8.085	47.04	
8.090	46.54	
8.095	46.06	
8.100	45.58	
8.105	45.10	
8.110	44.62	
8.115	44.11	
8.120	43.63	
8.125	43.16	
8.130	42.75	
8.135	42.40	
8.140	42.08	
8.145	41.83	
8.150	41.63	
8.155	41.48	
8.160	41.35	
8.165	41.22	
8.170	41.08	
8.175	40.90	
8.180	40.70	
8.185	40.46	
8.190	40.21	
8.195	39.97	
8.200	39.75	
8.205	39.56	
8.210	39.37	
8.215	39.18	
8.220	38.97	
8.225	38.75	
8.230	38.55	
8.235	38.39	
8.240	38.28	
8.245	38.24	
8.250	38.25	
8.255	38.31	
8.260	38.40	
8.265	38.51	
8.270	38.67	
8.275	38.86	
8.280	39.07	
8.285	39.32	
8.290	39.59	
8.295	39.94	
8.300	40.33	
8.305	40.75	
8.310	41.18	
8.315	41.61	
8.320	42.03	
8.325	42.44	
8.330	42.93	
8.335	43.48	
8.340	44.05	
8.345	44.66	
8.350	45.26	
8.355	45.91	
8.360	46.56	
8.365	47.28	
8.370	48.03	
8.375	48.70	
8.380	49.22	
8.385	49.57	
8.390	49.75	
8.395	49.81	
8.400	49.85	
8.405	49.94	
8.410	50.06	
8.415	50.22	
8.420	50.40	
8.425	50.58	
8.430	50.75	
8.435	50.88	
8.440	50.94	
8.445	50.95	
8.450	50.97	
8.455	51.03	
8.460	51.18	
8.465	51.44	
8.470	51.70	
8.475	51.87	
8.480	51.90	
8.485	51.72	
8.490	51.35	
8.495	50.91	
8.500	50.44	
8.505	50.04	
8.510	49.73	
8.515	49.50	
8.520	49.33	
8.525	49.18	
8.530	49.01	
8.535	48.70	
8.540	48.31	
8.545	47.82	
8.550	47.27	
8.555	46.74	
8.560	46.25	
8.565	45.81	
8.570	45.36	
8.575	44.92	
8.580	44.44	
8.585	43.92	
8.590	43.43	
8.595	42.98	
8.600	42.59	
8.605	42.27	
8.610	41.97	
8.615	41.73	
8.620	41.52	
8.625	41.35	
8.630	41.19	
8.635	41.03	
8.640	40.86	
8.645	40.68	
8.650	40.49	
8.655	40.28	
8.660	40.05	
8.665	39.83	
8.670	39.62	
8.675	39.43	
8.680	39.24	
8.685	39.07	
8.690	38.89	
8.695	38.72	
8.700	38.57	
8.705	38.43	
8.710	38.33	
8.715	38.28	
8.720	38.27	
8.725	38.33	
8.730	38.45	
8.735	38.60	
8.740	38.79	
8.745	38.98	
8.750	39.19	
8.755	39.40	
8.760	39.65	
8.765	39.97	
8.770	40.34	
8.775	40.76	
8.780	41.20	
8.785	41.66	
8.790	42.14	
8.795	42.60	
8.800	43.11	
8.805	43.63	
8.810	44.18	
8.815	44.76	
8.820	45.36	
8.825	46.01	
8.830	46.69	
8.835	47.48	
8.840	48.31	
8.845	49.02	
8.850	49.53	
8.855	49.82	
8.860	49.93	
8.865	49.94	
8.870	49.95	
8.875	50.01	
8.880	50.13	
8.885	50.30	
8.890	50.49	
8.895	50.68	
8.900	50.86	
8.905	50.98	
8.910	51.02	
8.915	51.03	
8.920	51.07	
8.925	51.16	
8.930	51.34	
8.935	51.58	
8.940	51.78	
8.945	51.85	
8.950	51.78	
8.955	51.52	
8.960	51.13	
8.965	50.69	
8.970	50.26	
8.975	49.90	
8.980	49.63	
8.985	49.44	
8.990	49.29	
8.995	49.15	
9.000	48.95	
9.005	48.58	
9.010	48.13	
9.015	47.58	
9.020	47.02	
9.025	46.51	
9.030	46.06	
9.035	45.67	
9.040	45.22	
9.045	44.75	
9.050	44.24	
9.055	43.71	
9.060	43.24	
9.065	42.83	
9.070	42.49	
9.075	42.18	
9.080	41.89	
9.085	41.63	
9.090	41.40	
9.095	41.22	
9.100	41.07	
9.105	40.93	
9.110	40.77	
9.115	40.58	
9.120	40.37	
9.125	40.13	
9.130	39.89	
9.135	39.68	
9.140	39.50	
9.145	39.35	
9.150	39.17	
9.155	38.99	
9.160	38.80	
9.165	38.62	
9.170	38.46	
9.175	38.33	
9.180	38.25	
9.185	38.25	
9.190	38.30	
9.195	38.41	
9.200	38.56	
9.205	38.72	
9.210	38.90	
9.215	39.09	
9.220	39.33	
9.225	39.60	
9.230	39.90	
9.235	40.23	
9.240	40.57	
9.245	40.99	
9.250	41.45	
9.255	41.95	
9.260	42.48	
9.265	42.98	
9.270	43.48	
9.275	43.95	
9.280	44.48	
9.285	45.06	
9.290	45.67	
9.295	46.33	
9.300	47.01	
9.305	47.78	
9.310	48.54	
9.315	49.13	
9.320	49.50	
9.325	49.67	
9.330	49.72	
9.335	49.73	
9.340	49.79	
9.345	49.92	
9.350	50.11	
9.355	50.32	
9.360	50.51	
9.365	50.68	
9.370	50.82	
9.375	50.91	
9.380	50.95	
9.385	50.99	
9.390	51.09	
9.395	51.24	
9.400	51.47	
9.405	51.74	
9.410	51.91	
9.415	51.88	
9.420	51.70	
9.425	51.36	
9.430	50.96	
9.435	50.55	
9.440	50.15	
9.445	49.82	
9.450	49.59	
9.455	49.43	
9.460	49.28	
9.465	49.12	
9.470	48.86	
9.475	48.45	
9.480	47.98	
9.485	47.44	
9.490	46.91	
9.495	46.40	
9.500	45.92	
9.505	45.47	
9.510	44.99	
9.515	44.51	
9.520	44.02	
9.525	43.53	
9.530	43.10	
9.535	42.72	
9.540	42.42	
9.545	42.15	
9.550	41.92	
9.555	41.70	
9.560	41.49	
9.565	41.30	
9.570	41.08	
9.575	40.87	
9.580	40.65	
9.585	40.42	
9.590	40.20	
9.595	39.97	
9.600	39.75	
9.605	39.55	
9.610	39.36	
9.615	39.20	
9.620	39.06	
9.625	38.92	
9.630	38.72	
9.635	38.51	
9.640	38.33	
9.645	38.23	
9.650	38.21	
9.655	38.24	
9.660	38.31	
9.665	38.43	
9.670	38.58	
9.675	38.75	
9.680	38.96	
9.685	39.18	
9.690	39.42	
9.695	39.67	
9.700	39.98	
9.705	40.32	
9.710	40.71	
9.715	41.17	
9.720	41.64	
9.725	42.13	
9.730	42.61	
9.735	43.09	
9.740	43.60	
9.745	44.14	
9.750	44.73	
9.755	45.33	
9.760	45.97	
9.765	46.69	
9.770	47.45	
9.775	48.27	
9.780	49.00	
9.785	49.46	
9.790	49.66	
9.795	49.71	
9.800	49.71	
9.805	49.74	
9.810	49.85	
9.815	50.02	
9.820	50.23	
9.825	50.47	
9.830	50.67	
9.835	50.83	
9.840	50.92	
9.845	50.96	
9.850	50.97	
9.855	51.03	
9.860	51.23	
9.865	51.49	
9.870	51.73	
9.875	51.92	
9.880	51.96	
9.885	51.84	
9.890	51.61	
9.895	51.25	
9.900	50.86	
9.905	50.46	
9.910	50.09	
9.915	49.80	
9.920	49.60	
9.925	49.44	
9.930	49.26	
9.935	49.05	
9.940	48.73	
9.945	48.31	
9.950	47.82	
9.955	47.25	
9.960	46.69	
9.965	46.14	
9.970	45.64	
9.975	45.20	
9.980	44.76	
9.985	44.34	
9.990	43.87	
9.995	43.38	
10.00	42.93	
10.01	42.56	
10.01	42.26	
10.02	41.98	
10.02	41.72	
10.03	41.49	
10.03	41.30	
10.04	41.14	
10.04	40.97	
10.05	40.80	
10.05	40.60	
10.06	40.39	
10.06	40.19	
10.07	39.98	
10.07	39.78	
10.08	39.56	
10.08	39.36	
10.09	39.16	
10.09	38.99	
10.10	38.82	
10.10	38.66	
10.11	38.52	
10.11	38.39	
10.12	38.29	
10.12	38.23	
10.13	38.24	
10.13	38.31	
10.14	38.44	
10.14	38.62	
10.15	38.82	
10.15	39.05	
10.16	39.28	
10.16	39.56	
10.17	39.86	
10.17	40.19	
10.18	40.54	
10.18	40.94	
10.19	41.39	
10.19	41.86	
10.20	42.40	
10.20	42.95	
10.21	43.49	
10.21	44.03	
10.22	44.56	
10.22	45.17	
10.23	45.80	
10.23	46.49	
10.24	47.19	
10.24	47.92	
10.25	48.69	
10.25	49.33	
10.26	49.69	
10.26	49.79	
10.27	49.77	
10.27	49.74	
10.28	49.77	
10.28	49.89	
10.29	50.07	
10.29	50.31	
10.30	50.56	
10.30	50.76	
10.31	50.88	
10.31	50.94	
10.32	50.95	
10.32	50.96	
10.33	51.07	
10.33	51.30	
10.34	51.57	
10.34	51.80	
10.35	51.95	
10.35	51.91	
10.36	51.73	
10.36	51.44	
10.37	51.06	
10.37	50.67	
10.38	50.30	
10.38	49.96	
10.39	49.71	
10.39	49.54	
10.40	49.41	
10.40	49.23	
10.41	49.01	
10.41	48.64	
10.42	48.16	
10.42	47.63	
10.43	47.05	
10.43	46.51	
10.44	45.99	
10.44	45.51	
10.45	45.06	
10.45	44.62	
10.46	44.18	
10.46	43.70	
10.47	43.24	
10.47	42.85	
10.48	42.54	
10.48	42.30	
10.49	42.07	
10.49	41.86	
10.50	41.63	
10.50	41.40	
10.51	41.16	
10.51	40.92	
10.52	40.68	
10.52	40.45	
10.53	40.23	
10.53	40.03	
10.54	39.82	
10.54	39.62	
10.55	39.42	
10.55	39.22	
10.56	39.03	
10.56	38.84	
10.57	38.67	
10.57	38.52	
10.58	38.39	
10.58	38.31	
10.59	38.27	
10.59	38.27	
10.60	38.32	
10.60	38.40	
10.61	38.55	
10.61	38.72	
10.62	38.92	
10.62	39.13	
10.63	39.37	
10.63	39.68	
10.64	40.01	
10.64	40.38	
10.65	40.75	
10.65	41.18	
10.66	41.65	
10.66	42.13	
10.67	42.66	
10.67	43.18	
10.68	43.72	
10.68	44.26	
10.69	44.83	
10.69	45.47	
10.70	46.13	
10.70	46.88	
10.71	47.62	
10.71	48.32	
10.72	48.95	
10.72	49.42	
10.73	49.65	
10.73	49.71	
10.74	49.74	
10.74	49.79	
10.75	49.90	
10.75	50.06	
10.76	50.25	
10.76	50.49	
10.77	50.73	
10.77	50.91	
10.78	50.99	
10.78	51.01	
10.79	51.01	
10.79	51.02	
10.80	51.15	
10.80	51.39	
10.81	51.64	
10.81	51.84	
10.82	51.93	
10.82	51.83	
10.83	51.58	
10.83	51.25	
10.84	50.87	
10.84	50.51	
10.85	50.15	
10.85	49.84	
10.86	49.61	
10.86	49.47	
10.87	49.34	
10.87	49.13	
10.88	48.84	
10.88	48.42	
10.89	47.93	
10.89	47.39	
10.90	46.82	
10.90	46.29	
10.91	45.79	
10.91	45.34	
10.92	44.90	
10.92	44.46	
10.93	44.01	
10.93	43.52	
10.94	43.06	
10.94	42.67	
10.95	42.37	
10.95	42.12	
10.96	41.88	
10.96	41.66	
10.97	41.45	
10.97	41.26	
10.98	41.06	
10.98	40.85	
10.99	40.63	
10.99	40.41	
11.00	40.20	
11.00	40.00	
11.01	39.81	
11.01	39.63	
11.02	39.42	
11.02	39.23	
11.03	39.01	
11.03	38.81	
11.04	38.63	
11.04	38.47	
11.05	38.35	
11.05	38.26	
11.06	38.22	
11.06	38.24	
11.07	38.31	
11.07	38.43	
11.08	38.59	
11.08	38.77	
11.09	38.99	
11.09	39.21	
11.10	39.48	
11.10	39.81	
11.11	40.16	
11.11	40.56	
11.12	40.95	
11.12	41.37	
11.13	41.82	
11.13	42.28	
11.14	42.78	
11.14	43.27	
11.15	43.83	
11.15	44.42	
11.16	45.05	
11.16	45.74	
11.17	46.43	
11.17	47.19	
11.18	47.92	
11.18	48.59	
11.19	49.17	
11.19	49.57	
11.20	49.77	
11.20	49.84	
11.21	49.88	
11.21	49.94	
11.22	50.04	
11.22	50.17	
11.23	50.34	
11.23	50.58	
11.24	50.84	
11.24	51.03	
11.25	51.11	
11.25	51.11	
11.26	51.08	
11.26	51.09	
11.27	51.24	
11.27	51.50	
11.28	51.77	
11.28	51.95	
11.29	51.99	
11.29	51.82	
11.30	51.50	
11.30	51.10	
11.31	50.69	
11.31	50.31	
11.32	49.98	
11.32	49.72	
11.33	49.55	
11.33	49.45	
11.34	49.30	
11.34	49.04	
11.35	48.67	
11.35	48.20	
11.36	47.70	
11.36	47.16	
11.37	46.62	
11.37	46.09	
11.38	45.58	
11.38	45.11	
11.39	44.64	
11.39	44.20	
11.40	43.78	
11.40	43.34	
11.41	42.95	
11.41	42.61	
11.42	42.35	
11.42	42.11	
11.43	41.88	
11.43	41.67	
11.44	41.47	
11.44	41.30	
11.45	41.12	
11.45	40.93	
11.46	40.74	
11.46	40.53	
11.47	40.34	
11.47	40.12	
11.48	39.92	
11.48	39.70	
11.49	39.49	
11.49	39.27	
11.50	39.04	
11.50	38.82	
11.51	38.62	
11.51	38.44	
11.52	38.32	
11.52	38.25	
11.53	38.23	
11.53	38.28	
11.54	38.38	
11.54	38.53	
11.55	38.72	
11.55	38.91	
11.56	39.14	
11.56	39.36	
11.57	39.65	
11.57	39.98	
11.58	40.34	
11.58	40.72	
11.59	41.10	
11.59	41.54	
11.60	42.00	
11.60	42.49	
11.61	43.03	
11.61	43.55	
11.62	44.11	
11.62	44.67	
11.63	45.26	
11.63	45.87	
11.64	46.52	
11.64	47.27	
11.65	47.99	
11.65	48.64	
11.66	49.17	
11.66	49.49	
11.67	49.62	
11.67	49.65	
11.68	49.70	
11.68	49.79	
11.69	49.95	
11.69	50.16	
11.70	50.40	
11.70	50.68	
11.71	50.93	
11.71	51.08	
11.72	51.11	
11.72	51.09	
11.73	51.08	
11.73	51.13	
11.74	51.32	
11.74	51.59	
11.75	51.82	
11.75	51.96	
11.76	51.94	
11.76	51.70	
11.77	51.34	
11.77	50.94	
11.78	50.58	
11.78	50.26	
11.79	49.99	
11.79	49.77	
11.80	49.60	
11.80	49.46	
11.81	49.25	
11.81	48.93	
11.82	48.54	
11.82	48.08	
11.83	47.62	
11.83	47.10	
11.84	46.56	
11.84	46.04	
11.85	45.53	
11.85	45.08	
11.86	44.60	
11.86	44.14	
11.87	43.70	
11.87	43.27	
11.88	42.91	
11.88	42.59	
11.89	42.33	
11.89	42.11	
11.90	41.90	
11.90	41.69	
11.91	41.45	
11.91	41.21	
11.92	40.97	
11.92	40.76	
11.93	40.54	
11.93	40.31	
11.94	40.07	
11.94	39.82	
11.95	39.57	
11.95	39.34	
11.96	39.15	
11.96	38.96	
11.97	38.76	
11.97	38.56	
11.98	38.37	
11.98	38.22	
11.99	38.13	
11.99	38.11	
12.00	38.13	
12.00	38.21	
12.01	38.31	
12.01	38.45	
12.02	38.63	
12.02	38.83	
12.03	39.07	
12.03	39.33	
12.04	39.66	
12.04	40.02	
12.05	40.39	
12.05	40.77	
12.06	41.15	
12.06	41.59	
12.07	42.05	
12.07	42.55	
12.08	43.08	
12.08	43.61	
12.09	44.18	
12.09	44.74	
12.10	45.35	
12.10	45.97	
12.11	46.63	
12.11	47.35	
12.12	48.03	
12.12	48.64	
12.13	49.13	
12.13	49.45	
12.14	49.61	
12.14	49.68	
12.15	49.74	
12.15	49.84	
12.16	49.98	
12.16	50.16	
12.17	50.38	
12.17	50.64	
12.18	50.88	
12.18	51.01	
12.19	51.05	
12.19	51.05	
12.20	51.07	
12.20	51.17	
12.21	51.40	
12.21	51.68	
12.22	51.89	
12.22	51.98	
12.23	51.88	
12.23	51.61	
12.24	51.25	
12.24	50.85	
12.25	50.50	
12.25	50.18	
12.26	49.91	
12.26	49.68	
12.27	49.51	
12.27	49.36	
12.28	49.12	
12.28	48.78	
12.29	48.38	
12.29	47.92	
12.30	47.46	
12.30	46.95	
12.31	46.44	
12.31	45.93	
12.32	45.43	
12.32	44.95	
12.33	44.47	
12.33	44.02	
12.34	43.56	
12.34	43.12	
12.35	42.74	
12.35	42.42	
12.36	42.18	
12.36	41.98	
12.37	41.82	
12.37	41.66	
12.38	41.47	
12.38	41.26	
12.39	41.04	
12.39	40.82	
12.40	40.57	
12.40	40.32	
12.41	40.08	
12.41	39.82	
12.42	39.59	
12.42	39.38	
12.43	39.19	
12.43	39.01	
12.44	38.82	
12.44	38.65	
12.45	38.49	
12.45	38.35	
12.46	38.25	
12.46	38.19	
12.47	38.19	
12.47	38.25	
12.48	38.35	
12.48	38.51	
12.49	38.70	
12.49	38.91	
12.50	39.16	
12.50	39.42	
12.51	39.75	
12.51	40.10	
12.52	40.49	
12.52	40.89	
12.53	41.30	
12.53	41.73	
12.54	42.14	
12.54	42.61	
12.55	43.12	
12.55	43.66	
12.56	44.25	
12.56	44.85	
12.57	45.48	
12.57	46.11	
12.58	46.80	
12.58	47.55	
12.59	48.23	
12.59	48.79	
12.60	49.19	
12.60	49.40	
12.61	49.48	
12.61	49.52	
12.62	49.62	
12.62	49.77	
12.63	49.98	
12.63	50.21	
12.64	50.47	
12.64	50.73	
12.65	50.94	
12.65	51.03	
12.66	51.04	
12.66	51.05	
12.67	51.10	
12.67	51.25	
12.68	51.50	
12.68	51.77	
12.69	51.94	
12.69	51.98	
12.70	51.82	
12.70	51.50	
12.71	51.11	
12.71	50.71	
12.72	50.38	
12.72	50.10	
12.73	49.88	
12.73	49.69	
12.74	49.51	
12.74	49.32	
12.75	49.02	
12.75	48.63	
12.76	48.20	
12.76	47.75	
12.77	47.30	
12.77	46.80	
12.78	46.30	
12.78	45.78	
12.79	45.28	
12.79	44.81	
12.80	44.35	
12.80	43.91	
12.81	43.45	
12.81	43.01	
12.82	42.60	
12.82	42.25	
12.83	41.97	
12.83	41.74	
12.84	41.54	
12.84	41.38	
12.85	41.25	
12.85	41.11	
12.86	40.94	
12.86	40.76	
12.87	40.53	
12.87	40.28	
12.88	40.04	
12.88	39.79	
12.89	39.57	
12.89	39.35	
12.90	39.15	
12.90	38.95	
12.91	38.75	
12.91	38.56	
12.92	38.41	
12.92	38.29	
12.93	38.23	
12.93	38.20	
12.94	38.22	
12.94	38.31	
12.95	38.44	
12.95	38.62	
12.96	38.83	
12.96	39.06	
12.97	39.31	
12.97	39.58	
12.98	39.89	
12.98	40.20	
12.99	40.55	
12.99	40.90	
13.00	41.29	
13.00	41.75	
13.01	42.21	
13.01	42.75	
13.02	43.31	
13.02	43.90	
13.03	44.50	
13.03	45.08	
13.04	45.70	
13.04	46.31	
13.05	47.04	
13.05	47.83	
13.06	48.53	
13.06	49.05	
13.07	49.38	
13.07	49.52	
13.08	49.55	