HBM_CATMAN_DATAFILE_40

2026-05-01
11:05
CHANNELS: 2
SEPARATOR: 9
MAXLINES: 2545               

Time  1 - default sample rate	UR_18 CH=7
s	%
2026-05-01-11:05	2026-05-01-11:05
	
T0 =2026-05-01 11:05:32	T0 =2026-05-01 11:05:32
dt =5 ms	dt =5 ms
CH 0	CH 4
Serial No. (Electronics / CP)Not available	Serial No. (Electronics / CP)9E500E53E
Not available ID=0	MX840A ID=5036
Not available ID=0	Not available ID=0
Not available ID=0	DC Current ID=421
x1=0 y1=0;x2=0 y2=0	x1=4 y1=0;x2=20 y2=100
         (Electr.)	mA       (Electr.)
         (Engin.)	%        (Engin.)
0  Nominal value	162.5 % Nominal value
Not available ID=0	Not available ID=0
Scaling = Engineering units ID=0	Scaling = Engineering units ID=0
0 V	20 V
Filter = Not available ID=0	Filter = Bessel lowpass ID=142
-	fg = 20 Hz ID=945
0  Zero	0 % Zero
0  Tare	0 % Tare
0  Software-Zero	0 % Software-Zero
Gage factor = 0	Gage factor = 0
Bridge factor = 0	Bridge factor = 0
Software scaling: None	Software scaling: None
Sensor: None	Sensor: DC current 4-20 mA
Sensor T-ID: None	Sensor T-ID: DC_A
Cable length correction Not available	Cable length correction Not available

0	34.35	
0.00500	34.18	
0.01000	34.06	
0.01500	33.99	
0.02000	33.96	
0.02500	33.95	
0.03000	33.98	
0.03500	34.05	
0.04000	34.16	
0.04500	34.35	
0.05000	34.58	
0.05500	34.89	
0.06000	35.23	
0.06500	35.61	
0.07000	36.08	
0.07500	36.61	
0.08000	37.19	
0.08500	37.77	
0.09000	38.40	
0.09500	39.09	
0.1000	39.80	
0.1050	40.56	
0.1100	41.31	
0.1150	42.12	
0.1200	42.94	
0.1250	43.82	
0.1300	44.84	
0.1350	45.85	
0.1400	46.78	
0.1450	47.54	
0.1500	48.07	
0.1550	48.40	
0.1600	48.60	
0.1650	48.75	
0.1700	48.91	
0.1750	49.15	
0.1800	49.45	
0.1850	49.70	
0.1900	49.85	
0.1950	49.89	
0.2000	49.88	
0.2050	49.86	
0.2100	49.99	
0.2150	50.31	
0.2200	50.78	
0.2250	51.42	
0.2300	52.03	
0.2350	52.14	
0.2400	51.70	
0.2450	50.94	
0.2500	50.01	
0.2550	49.11	
0.2600	48.27	
0.2650	47.50	
0.2700	46.79	
0.2750	46.11	
0.2800	45.46	
0.2850	44.77	
0.2900	44.08	
0.2950	43.41	
0.3000	42.77	
0.3050	42.20	
0.3100	41.66	
0.3150	41.17	
0.3200	40.67	
0.3250	40.18	
0.3300	39.68	
0.3350	39.20	
0.3400	38.74	
0.3450	38.25	
0.3500	37.77	
0.3550	37.27	
0.3600	36.77	
0.3650	36.28	
0.3700	35.79	
0.3750	35.36	
0.3800	34.99	
0.3850	34.70	
0.3900	34.46	
0.3950	34.27	
0.4000	34.13	
0.4050	34.04	
0.4100	33.99	
0.4150	33.98	
0.4200	33.99	
0.4250	34.04	
0.4300	34.13	
0.4350	34.26	
0.4400	34.48	
0.4450	34.74	
0.4500	35.08	
0.4550	35.47	
0.4600	35.88	
0.4650	36.35	
0.4700	36.85	
0.4750	37.44	
0.4800	38.06	
0.4850	38.71	
0.4900	39.42	
0.4950	40.11	
0.5000	40.88	
0.5050	41.68	
0.5100	42.51	
0.5150	43.42	
0.5200	44.34	
0.5250	45.33	
0.5300	46.29	
0.5350	47.11	
0.5400	47.75	
0.5450	48.19	
0.5500	48.48	
0.5550	48.67	
0.5600	48.86	
0.5650	49.08	
0.5700	49.33	
0.5750	49.59	
0.5800	49.81	
0.5850	49.90	
0.5900	49.89	
0.5950	49.89	
0.6000	49.95	
0.6050	50.16	
0.6100	50.65	
0.6150	51.23	
0.6200	51.60	
0.6250	51.65	
0.6300	51.40	
0.6350	50.81	
0.6400	50.08	
0.6450	49.29	
0.6500	48.52	
0.6550	47.80	
0.6600	47.09	
0.6650	46.42	
0.6700	45.73	
0.6750	45.08	
0.6800	44.41	
0.6850	43.73	
0.6900	43.08	
0.6950	42.45	
0.7000	41.88	
0.7050	41.36	
0.7100	40.88	
0.7150	40.43	
0.7200	39.96	
0.7250	39.49	
0.7300	38.98	
0.7350	38.48	
0.7400	37.97	
0.7450	37.47	
0.7500	36.99	
0.7550	36.50	
0.7600	36.04	
0.7650	35.59	
0.7700	35.20	
0.7750	34.86	
0.7800	34.59	
0.7850	34.38	
0.7900	34.23	
0.7950	34.13	
0.8000	34.07	
0.8050	34.05	
0.8100	34.07	
0.8150	34.10	
0.8200	34.15	
0.8250	34.26	
0.8300	34.40	
0.8350	34.63	
0.8400	34.94	
0.8450	35.29	
0.8500	35.70	
0.8550	36.14	
0.8600	36.64	
0.8650	37.20	
0.8700	37.80	
0.8750	38.43	
0.8800	39.04	
0.8850	39.71	
0.8900	40.41	
0.8950	41.15	
0.9000	41.96	
0.9050	42.78	
0.9100	43.71	
0.9150	44.63	
0.9200	45.54	
0.9250	46.37	
0.9300	47.07	
0.9350	47.64	
0.9400	48.06	
0.9450	48.37	
0.9500	48.61	
0.9550	48.82	
0.9600	49.07	
0.9650	49.32	
0.9700	49.56	
0.9750	49.75	
0.9800	49.83	
0.9850	49.80	
0.9900	49.80	
0.9950	49.98	
1.000	50.35	
1.005	51.13	
1.010	52.18	
1.015	52.87	
1.020	52.70	
1.025	51.96	
1.030	50.93	
1.035	49.93	
1.040	49.05	
1.045	48.25	
1.050	47.53	
1.055	46.80	
1.060	46.10	
1.065	45.40	
1.070	44.71	
1.075	44.06	
1.080	43.40	
1.085	42.79	
1.090	42.19	
1.095	41.63	
1.100	41.10	
1.105	40.58	
1.110	40.07	
1.115	39.55	
1.120	39.07	
1.125	38.59	
1.130	38.12	
1.135	37.65	
1.140	37.13	
1.145	36.63	
1.150	36.15	
1.155	35.71	
1.160	35.32	
1.165	34.96	
1.170	34.66	
1.175	34.42	
1.180	34.25	
1.185	34.13	
1.190	34.04	
1.195	34.00	
1.200	33.99	
1.205	34.00	
1.210	34.05	
1.215	34.13	
1.220	34.27	
1.225	34.50	
1.230	34.78	
1.235	35.13	
1.240	35.51	
1.245	35.93	
1.250	36.42	
1.255	36.96	
1.260	37.59	
1.265	38.22	
1.270	38.89	
1.275	39.54	
1.280	40.24	
1.285	41.01	
1.290	41.78	
1.295	42.62	
1.300	43.46	
1.305	44.31	
1.310	45.18	
1.315	45.98	
1.320	46.72	
1.325	47.34	
1.330	47.83	
1.335	48.21	
1.340	48.51	
1.345	48.78	
1.350	49.02	
1.355	49.28	
1.360	49.54	
1.365	49.76	
1.370	49.92	
1.375	50.01	
1.380	50.03	
1.385	50.05	
1.390	50.34	
1.395	50.86	
1.400	51.39	
1.405	51.78	
1.410	51.90	
1.415	51.58	
1.420	50.93	
1.425	50.15	
1.430	49.33	
1.435	48.58	
1.440	47.84	
1.445	47.14	
1.450	46.44	
1.455	45.73	
1.460	45.04	
1.465	44.32	
1.470	43.64	
1.475	42.97	
1.480	42.33	
1.485	41.75	
1.490	41.20	
1.495	40.72	
1.500	40.25	
1.505	39.79	
1.510	39.29	
1.515	38.77	
1.520	38.26	
1.525	37.74	
1.530	37.27	
1.535	36.79	
1.540	36.32	
1.545	35.87	
1.550	35.45	
1.555	35.08	
1.560	34.78	
1.565	34.54	
1.570	34.35	
1.575	34.19	
1.580	34.06	
1.585	33.98	
1.590	33.94	
1.595	33.94	
1.600	33.97	
1.605	34.06	
1.610	34.20	
1.615	34.40	
1.620	34.69	
1.625	35.02	
1.630	35.39	
1.635	35.80	
1.640	36.24	
1.645	36.73	
1.650	37.25	
1.655	37.85	
1.660	38.49	
1.665	39.17	
1.670	39.89	
1.675	40.60	
1.680	41.41	
1.685	42.23	
1.690	43.11	
1.695	43.99	
1.700	44.84	
1.705	45.71	
1.710	46.49	
1.715	47.17	
1.720	47.73	
1.725	48.15	
1.730	48.45	
1.735	48.68	
1.740	48.90	
1.745	49.13	
1.750	49.39	
1.755	49.66	
1.760	49.86	
1.765	49.92	
1.770	49.89	
1.775	49.93	
1.780	50.09	
1.785	50.54	
1.790	51.35	
1.795	52.13	
1.800	52.35	
1.805	51.99	
1.810	51.27	
1.815	50.38	
1.820	49.53	
1.825	48.71	
1.830	47.99	
1.835	47.31	
1.840	46.66	
1.845	46.03	
1.850	45.33	
1.855	44.65	
1.860	43.94	
1.865	43.26	
1.870	42.62	
1.875	42.00	
1.880	41.45	
1.885	40.95	
1.890	40.53	
1.895	40.09	
1.900	39.62	
1.905	39.10	
1.910	38.53	
1.915	37.98	
1.920	37.43	
1.925	36.91	
1.930	36.41	
1.935	35.92	
1.940	35.48	
1.945	35.08	
1.950	34.75	
1.955	34.48	
1.960	34.26	
1.965	34.10	
1.970	33.98	
1.975	33.89	
1.980	33.85	
1.985	33.84	
1.990	33.86	
1.995	33.92	
2.000	34.02	
2.005	34.19	
2.010	34.40	
2.015	34.70	
2.020	35.07	
2.025	35.47	
2.030	35.94	
2.035	36.44	
2.040	37.01	
2.045	37.59	
2.050	38.21	
2.055	38.89	
2.060	39.58	
2.065	40.36	
2.070	41.13	
2.075	41.95	
2.080	42.78	
2.085	43.61	
2.090	44.52	
2.095	45.41	
2.100	46.28	
2.105	47.07	
2.110	47.69	
2.115	48.13	
2.120	48.43	
2.125	48.66	
2.130	48.86	
2.135	49.11	
2.140	49.40	
2.145	49.68	
2.150	49.89	
2.155	50.02	
2.160	50.06	
2.165	50.04	
2.170	50.16	
2.175	50.53	
2.180	50.99	
2.185	51.38	
2.190	51.62	
2.195	51.51	
2.200	51.04	
2.205	50.39	
2.210	49.65	
2.215	48.95	
2.220	48.24	
2.225	47.52	
2.230	46.81	
2.235	46.09	
2.240	45.40	
2.245	44.71	
2.250	44.03	
2.255	43.39	
2.260	42.74	
2.265	42.15	
2.270	41.59	
2.275	41.08	
2.280	40.60	
2.285	40.12	
2.290	39.64	
2.295	39.13	
2.300	38.64	
2.305	38.09	
2.310	37.55	
2.315	37.00	
2.320	36.48	
2.325	36.01	
2.330	35.56	
2.335	35.16	
2.340	34.82	
2.345	34.54	
2.350	34.33	
2.355	34.17	
2.360	34.06	
2.365	33.98	
2.370	33.93	
2.375	33.91	
2.380	33.92	
2.385	33.96	
2.390	34.05	
2.395	34.18	
2.400	34.39	
2.405	34.66	
2.410	35.00	
2.415	35.40	
2.420	35.80	
2.425	36.26	
2.430	36.77	
2.435	37.34	
2.440	37.97	
2.445	38.62	
2.450	39.33	
2.455	40.04	
2.460	40.83	
2.465	41.66	
2.470	42.51	
2.475	43.44	
2.480	44.35	
2.485	45.27	
2.490	46.14	
2.495	46.88	
2.500	47.48	
2.505	47.93	
2.510	48.26	
2.515	48.50	
2.520	48.74	
2.525	48.97	
2.530	49.22	
2.535	49.48	
2.540	49.70	
2.545	49.82	
2.550	49.85	
2.555	49.89	
2.560	50.00	
2.565	50.26	
2.570	50.80	
2.575	51.48	
2.580	51.83	
2.585	51.70	
2.590	51.25	
2.595	50.55	
2.600	49.80	
2.605	49.06	
2.610	48.36	
2.615	47.71	
2.620	47.06	
2.625	46.45	
2.630	45.80	
2.635	45.15	
2.640	44.50	
2.645	43.83	
2.650	43.22	
2.655	42.59	
2.660	42.01	
2.665	41.48	
2.670	41.02	
2.675	40.59	
2.680	40.10	
2.685	39.59	
2.690	39.01	
2.695	38.44	
2.700	37.86	
2.705	37.29	
2.710	36.78	
2.715	36.30	
2.720	35.89	
2.725	35.51	
2.730	35.16	
2.735	34.84	
2.740	34.55	
2.745	34.30	
2.750	34.13	
2.755	34.03	
2.760	33.97	
2.765	33.92	
2.770	33.89	
2.775	33.90	
2.780	33.93	
2.785	34.03	
2.790	34.16	
2.795	34.38	
2.800	34.72	
2.805	35.11	
2.810	35.55	
2.815	35.99	
2.820	36.46	
2.825	37.00	
2.830	37.56	
2.835	38.21	
2.840	38.88	
2.845	39.66	
2.850	40.50	
2.855	41.39	
2.860	42.35	
2.865	43.27	
2.870	44.22	
2.875	45.16	
2.880	46.04	
2.885	46.86	
2.890	47.54	
2.895	48.05	
2.900	48.39	
2.905	48.62	
2.910	48.79	
2.915	48.94	
2.920	49.14	
2.925	49.36	
2.930	49.58	
2.935	49.76	
2.940	49.86	
2.945	49.88	
2.950	49.90	
2.955	50.08	
2.960	50.41	
2.965	50.83	
2.970	51.28	
2.975	51.52	
2.980	51.33	
2.985	50.84	
2.990	50.17	
2.995	49.46	
3.000	48.79	
3.005	48.12	
3.010	47.49	
3.015	46.81	
3.020	46.13	
3.025	45.46	
3.030	44.78	
3.035	44.15	
3.040	43.51	
3.045	42.91	
3.050	42.32	
3.055	41.75	
3.060	41.22	
3.065	40.72	
3.070	40.26	
3.075	39.79	
3.080	39.34	
3.085	38.84	
3.090	38.30	
3.095	37.76	
3.100	37.16	
3.105	36.59	
3.110	36.05	
3.115	35.57	
3.120	35.16	
3.125	34.83	
3.130	34.57	
3.135	34.35	
3.140	34.17	
3.145	34.05	
3.150	33.97	
3.155	33.93	
3.160	33.91	
3.165	33.91	
3.170	33.95	
3.175	34.04	
3.180	34.17	
3.185	34.36	
3.190	34.60	
3.195	34.93	
3.200	35.32	
3.205	35.75	
3.210	36.24	
3.215	36.79	
3.220	37.45	
3.225	38.12	
3.230	38.83	
3.235	39.55	
3.240	40.29	
3.245	41.11	
3.250	41.94	
3.255	42.85	
3.260	43.78	
3.265	44.73	
3.270	45.74	
3.275	46.67	
3.280	47.48	
3.285	48.13	
3.290	48.57	
3.295	48.83	
3.300	48.98	
3.305	49.12	
3.310	49.26	
3.315	49.46	
3.320	49.69	
3.325	49.85	
3.330	49.91	
3.335	49.90	
3.340	49.92	
3.345	50.00	
3.350	50.27	
3.355	50.72	
3.360	51.11	
3.365	51.27	
3.370	51.20	
3.375	50.85	
3.380	50.31	
3.385	49.68	
3.390	48.98	
3.395	48.31	
3.400	47.64	
3.405	46.99	
3.410	46.35	
3.415	45.69	
3.420	45.05	
3.425	44.37	
3.430	43.72	
3.435	43.10	
3.440	42.51	
3.445	41.97	
3.450	41.44	
3.455	40.95	
3.460	40.45	
3.465	39.94	
3.470	39.41	
3.475	38.87	
3.480	38.34	
3.485	37.79	
3.490	37.26	
3.495	36.74	
3.500	36.25	
3.505	35.80	
3.510	35.38	
3.515	35.02	
3.520	34.72	
3.525	34.47	
3.530	34.28	
3.535	34.13	
3.540	34.02	
3.545	33.95	
3.550	33.91	
3.555	33.90	
3.560	33.92	
3.565	33.99	
3.570	34.12	
3.575	34.30	
3.580	34.57	
3.585	34.90	
3.590	35.27	
3.595	35.68	
3.600	36.11	
3.605	36.63	
3.610	37.17	
3.615	37.79	
3.620	38.45	
3.625	39.13	
3.630	39.89	
3.635	40.65	
3.640	41.53	
3.645	42.43	
3.650	43.37	
3.655	44.36	
3.660	45.33	
3.665	46.39	
3.670	47.41	
3.675	48.18	
3.680	48.65	
3.685	48.89	
3.690	49.00	
3.695	49.08	
3.700	49.20	
3.705	49.36	
3.710	49.54	
3.715	49.73	
3.720	49.87	
3.725	49.90	
3.730	49.86	
3.735	49.87	
3.740	49.98	
3.745	50.26	
3.750	50.80	
3.755	51.38	
3.760	51.61	
3.765	51.45	
3.770	50.99	
3.775	50.30	
3.780	49.57	
3.785	48.83	
3.790	48.14	
3.795	47.47	
3.800	46.77	
3.805	46.10	
3.810	45.39	
3.815	44.73	
3.820	44.07	
3.825	43.42	
3.830	42.80	
3.835	42.18	
3.840	41.62	
3.845	41.07	
3.850	40.56	
3.855	40.08	
3.860	39.60	
3.865	39.14	
3.870	38.64	
3.875	38.12	
3.880	37.55	
3.885	36.99	
3.890	36.47	
3.895	35.98	
3.900	35.56	
3.905	35.18	
3.910	34.86	
3.915	34.60	
3.920	34.38	
3.925	34.21	
3.930	34.09	
3.935	34.01	
3.940	33.96	
3.945	33.94	
3.950	33.96	
3.955	34.03	
3.960	34.14	
3.965	34.32	
3.970	34.54	
3.975	34.82	
3.980	35.16	
3.985	35.53	
3.990	35.96	
3.995	36.43	
4.000	36.99	
4.005	37.59	
4.010	38.21	
4.015	38.89	
4.020	39.57	
4.025	40.34	
4.030	41.13	
4.035	41.96	
4.040	42.82	
4.045	43.68	
4.050	44.68	
4.055	45.71	
4.060	46.69	
4.065	47.53	
4.070	48.17	
4.075	48.58	
4.080	48.83	
4.085	48.98	
4.090	49.09	
4.095	49.24	
4.100	49.47	
4.105	49.70	
4.110	49.83	
4.115	49.86	
4.120	49.83	
4.125	49.79	
4.130	49.86	
4.135	50.16	
4.140	50.58	
4.145	51.08	
4.150	51.54	
4.155	51.66	
4.160	51.29	
4.165	50.64	
4.170	49.85	
4.175	49.09	
4.180	48.37	
4.185	47.65	
4.190	46.96	
4.195	46.24	
4.200	45.54	
4.205	44.84	
4.210	44.17	
4.215	43.56	
4.220	42.99	
4.225	42.48	
4.230	41.95	
4.235	41.42	
4.240	40.88	
4.245	40.31	
4.250	39.76	
4.255	39.22	
4.260	38.74	
4.265	38.23	
4.270	37.72	
4.275	37.21	
4.280	36.69	
4.285	36.21	
4.290	35.77	
4.295	35.38	
4.300	35.05	
4.305	34.74	
4.310	34.50	
4.315	34.31	
4.320	34.18	
4.325	34.10	
4.330	34.05	
4.335	34.02	
4.340	34.01	
4.345	34.04	
4.350	34.14	
4.355	34.30	
4.360	34.52	
4.365	34.81	
4.370	35.11	
4.375	35.46	
4.380	35.83	
4.385	36.28	
4.390	36.81	
4.395	37.40	
4.400	38.04	
4.405	38.67	
4.410	39.38	
4.415	40.09	
4.420	40.85	
4.425	41.67	
4.430	42.50	
4.435	43.43	
4.440	44.36	
4.445	45.31	
4.450	46.24	
4.455	47.05	
4.460	47.75	
4.465	48.27	
4.470	48.64	
4.475	48.89	
4.480	49.08	
4.485	49.26	
4.490	49.44	
4.495	49.65	
4.500	49.86	
4.505	49.95	
4.510	49.91	
4.515	49.86	
4.520	49.92	
4.525	50.13	
4.530	50.69	
4.535	51.46	
4.540	52.01	
4.545	52.05	
4.550	51.69	
4.555	51.00	
4.560	50.18	
4.565	49.37	
4.570	48.62	
4.575	47.94	
4.580	47.23	
4.585	46.54	
4.590	45.83	
4.595	45.13	
4.600	44.46	
4.605	43.77	
4.610	43.13	
4.615	42.50	
4.620	41.92	
4.625	41.38	
4.630	40.85	
4.635	40.37	
4.640	39.87	
4.645	39.40	
4.650	38.90	
4.655	38.37	
4.660	37.83	
4.665	37.25	
4.670	36.71	
4.675	36.21	
4.680	35.77	
4.685	35.38	
4.690	35.03	
4.695	34.72	
4.700	34.46	
4.705	34.26	
4.710	34.11	
4.715	34.01	
4.720	33.95	
4.725	33.93	
4.730	33.94	
4.735	33.98	
4.740	34.05	
4.745	34.17	
4.750	34.36	
4.755	34.61	
4.760	34.96	
4.765	35.34	
4.770	35.77	
4.775	36.25	
4.780	36.78	
4.785	37.37	
4.790	37.96	
4.795	38.65	
4.800	39.36	
4.805	40.10	
4.810	40.85	
4.815	41.60	
4.820	42.44	
4.825	43.28	
4.830	44.18	
4.835	45.11	
4.840	46.00	
4.845	46.86	
4.850	47.60	
4.855	48.20	
4.860	48.66	
4.865	48.98	
4.870	49.17	
4.875	49.31	
4.880	49.50	
4.885	49.71	
4.890	49.89	
4.895	49.98	
4.900	50.00	
4.905	49.97	
4.910	49.98	
4.915	50.22	
4.920	50.66	
4.925	51.11	
4.930	51.45	
4.935	51.57	
4.940	51.29	
4.945	50.72	
4.950	50.01	
4.955	49.28	
4.960	48.61	
4.965	47.98	
4.970	47.40	
4.975	46.76	
4.980	46.07	
4.985	45.35	
4.990	44.60	
4.995	43.91	
5.000	43.25	
5.005	42.66	
5.010	42.09	
5.015	41.54	
5.020	41.01	
5.025	40.48	
5.030	39.97	
5.035	39.44	
5.040	38.91	
5.045	38.38	
5.050	37.82	
5.055	37.28	
5.060	36.74	
5.065	36.23	
5.070	35.77	
5.075	35.35	
5.080	34.99	
5.085	34.67	
5.090	34.40	
5.095	34.19	
5.100	34.05	
5.105	33.96	
5.110	33.91	
5.115	33.89	
5.120	33.90	
5.125	33.93	
5.130	34.01	
5.135	34.13	
5.140	34.31	
5.145	34.61	
5.150	34.96	
5.155	35.35	
5.160	35.77	
5.165	36.21	
5.170	36.71	
5.175	37.25	
5.180	37.90	
5.185	38.57	
5.190	39.31	
5.195	40.11	
5.200	40.91	
5.205	41.77	
5.210	42.61	
5.215	43.48	
5.220	44.37	
5.225	45.25	
5.230	46.17	
5.235	47.01	
5.240	47.77	
5.245	48.38	
5.250	48.82	
5.255	49.10	
5.260	49.28	
5.265	49.45	
5.270	49.61	
5.275	49.77	
5.280	49.91	
5.285	49.98	
5.290	49.94	
5.295	49.87	
5.300	49.89	
5.305	50.02	
5.310	50.35	
5.315	50.90	
5.320	51.38	
5.325	51.44	
5.330	51.13	
5.335	50.58	
5.340	49.90	
5.345	49.23	
5.350	48.55	
5.355	47.93	
5.360	47.28	
5.365	46.60	
5.370	45.93	
5.375	45.24	
5.380	44.60	
5.385	43.95	
5.390	43.33	
5.395	42.73	
5.400	42.12	
5.405	41.57	
5.410	41.06	
5.415	40.63	
5.420	40.19	
5.425	39.72	
5.430	39.22	
5.435	38.65	
5.440	38.08	
5.445	37.48	
5.450	36.92	
5.455	36.38	
5.460	35.87	
5.465	35.43	
5.470	35.03	
5.475	34.72	
5.480	34.48	
5.485	34.30	
5.490	34.17	
5.495	34.06	
5.500	33.99	
5.505	33.95	
5.510	33.94	
5.515	33.97	
5.520	34.04	
5.525	34.14	
5.530	34.31	
5.535	34.53	
5.540	34.83	
5.545	35.18	
5.550	35.57	
5.555	36.04	
5.560	36.57	
5.565	37.19	
5.570	37.81	
5.575	38.49	
5.580	39.22	
5.585	39.95	
5.590	40.73	
5.595	41.46	
5.600	42.25	
5.605	43.08	
5.610	43.93	
5.615	44.88	
5.620	45.80	
5.625	46.67	
5.630	47.43	
5.635	48.04	
5.640	48.51	
5.645	48.84	
5.650	49.10	
5.655	49.30	
5.660	49.49	
5.665	49.69	
5.670	49.83	
5.675	49.86	
5.680	49.84	
5.685	49.83	
5.690	49.85	
5.695	50.00	
5.700	50.29	
5.705	50.61	
5.710	50.89	
5.715	51.06	
5.720	50.95	
5.725	50.55	
5.730	50.00	
5.735	49.37	
5.740	48.76	
5.745	48.10	
5.750	47.42	
5.755	46.73	
5.760	46.01	
5.765	45.33	
5.770	44.65	
5.775	44.00	
5.780	43.38	
5.785	42.77	
5.790	42.21	
5.795	41.68	
5.800	41.21	
5.805	40.73	
5.810	40.25	
5.815	39.74	
5.820	39.19	
5.825	38.66	
5.830	38.09	
5.835	37.53	
5.840	36.97	
5.845	36.44	
5.850	35.97	
5.855	35.53	
5.860	35.16	
5.865	34.84	
5.870	34.58	
5.875	34.37	
5.880	34.21	
5.885	34.09	
5.890	34.00	
5.895	33.93	
5.900	33.90	
5.905	33.93	
5.910	33.99	
5.915	34.09	
5.920	34.21	
5.925	34.44	
5.930	34.75	
5.935	35.10	
5.940	35.49	
5.945	35.89	
5.950	36.37	
5.955	36.89	
5.960	37.50	
5.965	38.16	
5.970	38.82	
5.975	39.54	
5.980	40.26	
5.985	41.06	
5.990	41.90	
5.995	42.75	
6.000	43.65	
6.005	44.54	
6.010	45.50	
6.015	46.45	
6.020	47.29	
6.025	47.97	
6.030	48.45	
6.035	48.76	
6.040	48.96	
6.045	49.12	
6.050	49.29	
6.055	49.47	
6.060	49.66	
6.065	49.81	
6.070	49.84	
6.075	49.77	
6.080	49.74	
6.085	49.82	
6.090	50.05	
6.095	50.51	
6.100	51.04	
6.105	51.30	
6.110	51.21	
6.115	50.84	
6.120	50.23	
6.125	49.55	
6.130	48.83	
6.135	48.13	
6.140	47.47	
6.145	46.78	
6.150	46.13	
6.155	45.47	
6.160	44.85	
6.165	44.22	
6.170	43.56	
6.175	42.94	
6.180	42.33	
6.185	41.80	
6.190	41.32	
6.195	40.88	
6.200	40.46	
6.205	40.00	
6.210	39.51	
6.215	38.95	
6.220	38.38	
6.225	37.78	
6.230	37.18	
6.235	36.63	
6.240	36.13	
6.245	35.73	
6.250	35.36	
6.255	35.03	
6.260	34.74	
6.265	34.48	
6.270	34.27	
6.275	34.11	
6.280	34.01	
6.285	33.94	
6.290	33.91	
6.295	33.92	
6.300	33.97	
6.305	34.06	
6.310	34.20	
6.315	34.40	
6.320	34.65	
6.325	34.97	
6.330	35.32	
6.335	35.74	
6.340	36.21	
6.345	36.75	
6.350	37.33	
6.355	37.92	
6.360	38.58	
6.365	39.24	
6.370	39.99	
6.375	40.77	
6.380	41.58	
6.385	42.43	
6.390	43.25	
6.395	44.18	
6.400	45.13	
6.405	46.04	
6.410	46.88	
6.415	47.57	
6.420	48.11	
6.425	48.50	
6.430	48.76	
6.435	48.93	
6.440	49.08	
6.445	49.25	
6.450	49.43	
6.455	49.56	
6.460	49.63	
6.465	49.65	
6.470	49.64	
6.475	49.70	
6.480	49.93	
6.485	50.27	
6.490	50.64	
6.495	50.97	
6.500	51.08	
6.505	50.80	
6.510	50.28	
6.515	49.61	
6.520	48.92	
6.525	48.26	
6.530	47.60	
6.535	46.98	
6.540	46.37	
6.545	45.81	
6.550	45.22	
6.555	44.57	
6.560	43.92	
6.565	43.27	
6.570	42.68	
6.575	42.13	
6.580	41.62	
6.585	41.13	
6.590	40.61	
6.595	40.08	
6.600	39.54	
6.605	39.02	
6.610	38.49	
6.615	37.93	
6.620	37.38	
6.625	36.82	
6.630	36.30	
6.635	35.83	
6.640	35.44	
6.645	35.11	
6.650	34.80	
6.655	34.54	
6.660	34.32	
6.665	34.16	
6.670	34.04	
6.675	33.96	
6.680	33.92	
6.685	33.92	
6.690	33.94	
6.695	34.01	
6.700	34.10	
6.705	34.26	
6.710	34.53	
6.715	34.86	
6.720	35.23	
6.725	35.60	
6.730	36.01	
6.735	36.49	
6.740	37.02	
6.745	37.65	
6.750	38.30	
6.755	39.00	
6.760	39.71	
6.765	40.46	
6.770	41.30	
6.775	42.14	
6.780	43.06	
6.785	43.99	
6.790	44.92	
6.795	45.87	
6.800	46.71	
6.805	47.44	
6.810	48.00	
6.815	48.38	
6.820	48.63	
6.825	48.81	
6.830	49.02	
6.835	49.24	
6.840	49.45	
6.845	49.62	
6.850	49.71	
6.855	49.71	
6.860	49.69	
6.865	49.76	
6.870	49.94	
6.875	50.33	
6.880	50.90	
6.885	51.31	
6.890	51.31	
6.895	51.01	
6.900	50.48	
6.905	49.85	
6.910	49.20	
6.915	48.53	
6.920	47.89	
6.925	47.25	
6.930	46.63	
6.935	46.00	
6.940	45.33	
6.945	44.67	
6.950	44.00	
6.955	43.38	
6.960	42.78	
6.965	42.22	
6.970	41.71	
6.975	41.25	
6.980	40.82	
6.985	40.34	
6.990	39.81	
6.995	39.23	
7.000	38.63	
7.005	38.06	
7.010	37.49	
7.015	36.98	
7.020	36.48	
7.025	36.00	
7.030	35.57	
7.035	35.18	
7.040	34.86	
7.045	34.58	
7.050	34.37	
7.055	34.20	
7.060	34.08	
7.065	34.00	
7.070	33.94	
7.075	33.91	
7.080	33.91	
7.085	33.95	
7.090	34.04	
7.095	34.19	
7.100	34.38	
7.105	34.68	
7.110	35.03	
7.115	35.46	
7.120	35.92	
7.125	36.40	
7.130	36.93	
7.135	37.48	
7.140	38.10	
7.145	38.76	
7.150	39.48	
7.155	40.27	
7.160	41.06	
7.165	41.92	
7.170	42.76	
7.175	43.67	
7.180	44.68	
7.185	45.65	
7.190	46.54	
7.195	47.28	
7.200	47.84	
7.205	48.25	
7.210	48.53	
7.215	48.73	
7.220	48.88	
7.225	49.06	
7.230	49.26	
7.235	49.44	
7.240	49.57	
7.245	49.64	
7.250	49.64	
7.255	49.63	
7.260	49.76	
7.265	50.05	
7.270	50.44	
7.275	50.91	
7.280	51.27	
7.285	51.26	
7.290	50.89	
7.295	50.29	
7.300	49.54	
7.305	48.79	
7.310	48.06	
7.315	47.38	
7.320	46.74	
7.325	46.09	
7.330	45.47	
7.335	44.82	
7.340	44.20	
7.345	43.59	
7.350	42.99	
7.355	42.44	
7.360	41.89	
7.365	41.40	
7.370	40.92	
7.375	40.48	
7.380	39.99	
7.385	39.46	
7.390	38.93	
7.395	38.37	
7.400	37.85	
7.405	37.30	
7.410	36.77	
7.415	36.26	
7.420	35.80	
7.425	35.41	
7.430	35.05	
7.435	34.75	
7.440	34.51	
7.445	34.31	
7.450	34.17	
7.455	34.06	
7.460	33.98	
7.465	33.94	
7.470	33.94	
7.475	33.98	
7.480	34.06	
7.485	34.20	
7.490	34.41	
7.495	34.67	
7.500	34.99	
7.505	35.35	
7.510	35.72	
7.515	36.19	
7.520	36.72	
7.525	37.34	
7.530	37.97	
7.535	38.63	
7.540	39.32	
7.545	40.01	
7.550	40.79	
7.555	41.58	
7.560	42.42	
7.565	43.32	
7.570	44.22	
7.575	45.19	
7.580	46.11	
7.585	46.94	
7.590	47.64	
7.595	48.15	
7.600	48.48	
7.605	48.69	
7.610	48.85	
7.615	48.99	
7.620	49.15	
7.625	49.33	
7.630	49.48	
7.635	49.56	
7.640	49.57	
7.645	49.61	
7.650	49.72	
7.655	49.97	
7.660	50.46	
7.665	50.97	
7.670	51.22	
7.675	51.16	
7.680	50.83	
7.685	50.27	
7.690	49.64	
7.695	48.95	
7.700	48.31	
7.705	47.68	
7.710	47.05	
7.715	46.43	
7.720	45.76	
7.725	45.11	
7.730	44.46	
7.735	43.87	
7.740	43.31	
7.745	42.75	
7.750	42.24	
7.755	41.74	
7.760	41.28	
7.765	40.81	
7.770	40.29	
7.775	39.74	
7.780	39.16	
7.785	38.61	
7.790	38.04	
7.795	37.50	
7.800	36.98	
7.805	36.48	
7.810	36.04	
7.815	35.63	
7.820	35.27	
7.825	34.95	
7.830	34.68	
7.835	34.45	
7.840	34.27	
7.845	34.14	
7.850	34.07	
7.855	34.04	
7.860	34.05	
7.865	34.07	
7.870	34.11	
7.875	34.19	
7.880	34.31	
7.885	34.53	
7.890	34.83	
7.895	35.18	
7.900	35.57	
7.905	35.97	
7.910	36.43	
7.915	36.96	
7.920	37.56	
7.925	38.24	
7.930	38.92	
7.935	39.70	
7.940	40.50	
7.945	41.34	
7.950	42.22	
7.955	43.08	
7.960	44.04	
7.965	44.99	
7.970	45.87	
7.975	46.65	
7.980	47.26	
7.985	47.72	
7.990	48.06	
7.995	48.33	
8.000	48.56	
8.005	48.78	
8.010	49.01	
8.015	49.21	
8.020	49.38	
8.025	49.48	
8.030	49.53	
8.035	49.52	
8.040	49.59	
8.045	49.82	
8.050	50.17	
8.055	50.65	
8.060	51.15	
8.065	51.35	
8.070	51.11	
8.075	50.60	
8.080	49.92	
8.085	49.24	
8.090	48.58	
8.095	47.95	
8.100	47.35	
8.105	46.71	
8.110	46.08	
8.115	45.43	
8.120	44.78	
8.125	44.18	
8.130	43.61	
8.135	43.09	
8.140	42.57	
8.145	42.07	
8.150	41.57	
8.155	41.05	
8.160	40.53	
8.165	39.96	
8.170	39.41	
8.175	38.84	
8.180	38.28	
8.185	37.72	
8.190	37.12	
8.195	36.56	
8.200	36.06	
8.205	35.66	
8.210	35.32	
8.215	35.01	
8.220	34.74	
8.225	34.50	
8.230	34.32	
8.235	34.20	
8.240	34.12	
8.245	34.08	
8.250	34.04	
8.255	34.04	
8.260	34.09	
8.265	34.20	
8.270	34.37	
8.275	34.59	
8.280	34.85	
8.285	35.18	
8.290	35.55	
8.295	36.00	
8.300	36.50	
8.305	37.05	
8.310	37.66	
8.315	38.28	
8.320	38.98	
8.325	39.69	
8.330	40.43	
8.335	41.20	
8.340	41.98	
8.345	42.87	
8.350	43.78	
8.355	44.73	
8.360	45.65	
8.365	46.49	
8.370	47.26	
8.375	47.89	
8.380	48.32	
8.385	48.59	
8.390	48.76	
8.395	48.89	
8.400	49.02	
8.405	49.20	
8.410	49.38	
8.415	49.50	
8.420	49.54	
8.425	49.54	
8.430	49.54	
8.435	49.59	
8.440	49.86	
8.445	50.27	
8.450	50.63	
8.455	50.82	
8.460	50.80	
8.465	50.47	
8.470	49.95	
8.475	49.31	
8.480	48.65	
8.485	48.03	
8.490	47.38	
8.495	46.77	
8.500	46.14	
8.505	45.51	
8.510	44.90	
8.515	44.28	
8.520	43.71	
8.525	43.16	
8.530	42.66	
8.535	42.17	
8.540	41.67	
8.545	41.19	
8.550	40.70	
8.555	40.22	
8.560	39.69	
8.565	39.16	
8.570	38.61	
8.575	38.02	
8.580	37.45	
8.585	36.89	
8.590	36.39	
8.595	35.94	
8.600	35.53	
8.605	35.18	
8.610	34.89	
8.615	34.65	
8.620	34.46	
8.625	34.31	
8.630	34.20	
8.635	34.12	
8.640	34.07	
8.645	34.07	
8.650	34.10	
8.655	34.17	
8.660	34.29	
8.665	34.47	
8.670	34.74	
8.675	35.07	
8.680	35.46	
8.685	35.86	
8.690	36.26	
8.695	36.73	
8.700	37.27	
8.705	37.93	
8.710	38.62	
8.715	39.34	
8.720	40.06	
8.725	40.80	
8.730	41.65	
8.735	42.51	
8.740	43.42	
8.745	44.32	
8.750	45.19	
8.755	46.05	
8.760	46.82	
8.765	47.46	
8.770	47.95	
8.775	48.31	
8.780	48.58	
8.785	48.78	
8.790	48.96	
8.795	49.11	
8.800	49.24	
8.805	49.36	
8.810	49.43	
8.815	49.45	
8.820	49.47	
8.825	49.61	
8.830	49.87	
8.835	50.29	
8.840	50.85	
8.845	51.27	
8.850	51.25	
8.855	50.85	
8.860	50.24	
8.865	49.56	
8.870	48.92	
8.875	48.29	
8.880	47.71	
8.885	47.10	
8.890	46.47	
8.895	45.85	
8.900	45.22	
8.905	44.62	
8.910	44.01	
8.915	43.42	
8.920	42.86	
8.925	42.34	
8.930	41.86	
8.935	41.38	
8.940	40.92	
8.945	40.42	
8.950	39.90	
8.955	39.36	
8.960	38.78	
8.965	38.19	
8.970	37.57	
8.975	36.98	
8.980	36.46	
8.985	36.01	
8.990	35.63	
8.995	35.27	
9.000	34.95	
9.005	34.66	
9.010	34.44	
9.015	34.27	
9.020	34.17	
9.025	34.11	
9.030	34.06	
9.035	34.03	
9.040	34.03	
9.045	34.06	
9.050	34.15	
9.055	34.31	
9.060	34.53	
9.065	34.84	
9.070	35.19	
9.075	35.61	
9.080	36.09	
9.085	36.59	
9.090	37.16	
9.095	37.74	
9.100	38.38	
9.105	39.09	
9.110	39.83	
9.115	40.65	
9.120	41.46	
9.125	42.31	
9.130	43.17	
9.135	44.06	
9.140	45.04	
9.145	45.97	
9.150	46.84	
9.155	47.55	
9.160	48.10	
9.165	48.50	
9.170	48.78	
9.175	48.98	
9.180	49.13	
9.185	49.26	
9.190	49.39	
9.195	49.48	
9.200	49.51	
9.205	49.52	
9.210	49.54	
9.215	49.60	
9.220	49.80	
9.225	50.16	
9.230	50.54	
9.235	50.80	
9.240	50.92	
9.245	50.74	
9.250	50.31	
9.255	49.77	
9.260	49.17	
9.265	48.61	
9.270	48.00	
9.275	47.36	
9.280	46.71	
9.285	46.04	
9.290	45.41	
9.295	44.77	
9.300	44.17	
9.305	43.59	
9.310	43.02	
9.315	42.49	
9.320	41.96	
9.325	41.49	
9.330	40.99	
9.335	40.49	
9.340	39.96	
9.345	39.39	
9.350	38.85	
9.355	38.29	
9.360	37.75	
9.365	37.20	
9.370	36.66	
9.375	36.16	
9.380	35.72	
9.385	35.36	
9.390	35.06	
9.395	34.80	
9.400	34.58	
9.405	34.39	
9.410	34.24	
9.415	34.12	
9.420	34.04	
9.425	34.01	
9.430	34.02	
9.435	34.08	
9.440	34.18	
9.445	34.32	
9.450	34.57	
9.455	34.89	
9.460	35.27	
9.465	35.66	
9.470	36.03	
9.475	36.47	
9.480	36.98	
9.485	37.59	
9.490	38.24	
9.495	38.90	
9.500	39.61	
9.505	40.32	
9.510	41.12	
9.515	41.95	
9.520	42.82	
9.525	43.76	
9.530	44.69	
9.535	45.64	
9.540	46.54	
9.545	47.34	
9.550	48.03	
9.555	48.53	
9.560	48.85	
9.565	49.02	
9.570	49.13	
9.575	49.24	
9.580	49.34	
9.585	49.44	
9.590	49.52	
9.595	49.52	
9.600	49.49	
9.605	49.54	
9.610	49.71	
9.615	50.02	
9.620	50.48	
9.625	50.95	
9.630	51.11	
9.635	50.95	
9.640	50.55	
9.645	49.98	
9.650	49.37	
9.655	48.73	
9.660	48.11	
9.665	47.49	
9.670	46.85	
9.675	46.24	
9.680	45.58	
9.685	44.94	
9.690	44.33	
9.695	43.76	
9.700	43.26	
9.705	42.75	
9.710	42.28	
9.715	41.81	
9.720	41.36	
9.725	40.90	
9.730	40.40	
9.735	39.88	
9.740	39.29	
9.745	38.67	
9.750	38.01	
9.755	37.38	
9.760	36.83	
9.765	36.33	
9.770	35.92	
9.775	35.54	
9.780	35.20	
9.785	34.90	
9.790	34.64	
9.795	34.44	
9.800	34.29	
9.805	34.18	
9.810	34.11	
9.815	34.06	
9.820	34.05	
9.825	34.08	
9.830	34.15	
9.835	34.28	
9.840	34.46	
9.845	34.71	
9.850	35.04	
9.855	35.41	
9.860	35.87	
9.865	36.34	
9.870	36.87	
9.875	37.43	
9.880	38.01	
9.885	38.67	
9.890	39.34	
9.895	40.12	
9.900	40.95	
9.905	41.80	
9.910	42.68	
9.915	43.55	
9.920	44.54	
9.925	45.55	
9.930	46.49	
9.935	47.30	
9.940	47.90	
9.945	48.31	
9.950	48.56	
9.955	48.73	
9.960	48.87	
9.965	49.00	
9.970	49.16	
9.975	49.31	
9.980	49.39	
9.985	49.42	
9.990	49.43	
9.995	49.43	
10.00	49.52	
10.01	49.79	
10.01	50.16	
10.02	50.50	
10.02	50.74	
10.03	50.76	
10.03	50.45	
10.04	49.97	
10.04	49.38	
10.05	48.80	
10.05	48.24	
10.06	47.68	
10.06	47.13	
10.07	46.51	
10.07	45.89	
10.08	45.27	
10.08	44.66	
10.09	44.10	
10.09	43.53	
10.10	43.00	
10.10	42.48	
10.11	42.00	
10.11	41.53	
10.12	41.05	
10.12	40.59	
10.13	40.08	
10.13	39.56	
10.14	38.99	
10.14	38.39	
10.15	37.78	
10.15	37.17	
10.16	36.62	
10.16	36.14	
10.17	35.73	
10.17	35.39	
10.18	35.08	
10.18	34.82	
10.19	34.60	
10.19	34.41	
10.20	34.27	
10.20	34.17	
10.21	34.11	
10.21	34.10	
10.22	34.12	
10.22	34.18	
10.23	34.26	
10.23	34.41	
10.24	34.66	
10.24	34.96	
10.25	35.32	
10.25	35.68	
10.26	36.11	
10.26	36.60	
10.27	37.14	
10.27	37.77	
10.28	38.42	
10.28	39.15	
10.29	39.90	
10.29	40.67	
10.30	41.45	
10.30	42.21	
10.31	43.11	
10.31	44.05	
10.32	45.04	
10.32	46.02	
10.33	46.87	
10.33	47.55	
10.34	48.04	
10.34	48.37	
10.35	48.58	
10.35	48.76	
10.36	48.95	
10.36	49.13	
10.37	49.29	
10.37	49.40	
10.38	49.44	
10.38	49.44	
10.39	49.45	
10.39	49.55	
10.40	49.74	
10.40	50.13	
10.41	50.64	
10.41	51.00	
10.42	51.02	
10.42	50.79	
10.43	50.33	
10.43	49.77	
10.44	49.17	
10.44	48.54	
10.45	47.93	
10.45	47.30	
10.46	46.69	
10.46	46.06	
10.47	45.42	
10.47	44.81	
10.48	44.24	
10.48	43.74	
10.49	43.23	
10.49	42.73	
10.50	42.24	
10.50	41.76	
10.51	41.29	
10.51	40.77	
10.52	40.23	
10.52	39.65	
10.53	39.05	
10.53	38.44	
10.54	37.83	
10.54	37.27	
10.55	36.73	
10.55	36.25	
10.56	35.82	
10.56	35.42	
10.57	35.08	
10.57	34.80	
10.58	34.57	
10.58	34.39	
10.59	34.24	
10.59	34.13	
10.60	34.05	
10.60	34.01	
10.61	34.00	
10.61	34.03	
10.62	34.13	
10.62	34.29	
10.63	34.51	
10.63	34.81	
10.64	35.14	
10.64	35.54	
10.65	35.99	
10.65	36.47	
10.66	37.02	
10.66	37.58	
10.67	38.20	
10.67	38.83	
10.68	39.52	
10.68	40.29	
10.69	41.08	
10.69	41.97	
10.70	42.87	
10.70	43.82	
10.71	44.80	
10.71	45.71	
10.72	46.52	
10.72	47.19	
10.73	47.72	
10.73	48.13	
10.74	48.43	
10.74	48.67	
10.75	48.85	
10.75	49.03	
10.76	49.21	
10.76	49.34	
10.77	49.42	
10.77	49.44	
10.78	49.44	
10.78	49.46	
10.79	49.62	
10.79	49.92	
10.80	50.28	
10.80	50.66	
10.81	50.93	
10.81	50.86	
10.82	50.50	
10.82	49.96	
10.83	49.32	
10.83	48.71	
10.84	48.08	
10.84	47.50	
10.85	46.90	
10.85	46.28	
10.86	45.69	
10.86	45.09	
10.87	44.54	
10.87	43.96	
10.88	43.36	
10.88	42.80	
10.89	42.27	
10.89	41.80	
10.90	41.37	
10.90	40.97	
10.91	40.51	
10.91	39.98	
10.92	39.41	
10.92	38.79	
10.93	38.18	
10.93	37.55	
10.94	36.96	
10.94	36.45	
10.95	36.02	
10.95	35.68	
10.96	35.33	
10.96	35.01	
10.97	34.72	
10.97	34.48	
10.98	34.31	
10.98	34.17	
10.99	34.08	
10.99	34.03	
11.00	34.01	
11.00	34.04	
11.01	34.12	
11.01	34.24	
11.02	34.44	
11.02	34.68	
11.03	34.99	
11.03	35.34	
11.04	35.74	
11.04	36.20	
11.05	36.70	
11.05	37.29	
11.06	37.93	
11.06	38.61	
11.07	39.35	
11.07	40.09	
11.08	40.87	
11.08	41.64	
11.09	42.48	
11.09	43.41	
11.10	44.33	
11.10	45.27	
11.11	46.13	
11.11	46.92	
11.12	47.60	
11.12	48.12	
11.13	48.46	
11.13	48.66	
11.14	48.81	
11.14	48.95	
11.15	49.09	
11.15	49.22	
11.16	49.32	
11.16	49.37	
11.17	49.40	
11.17	49.44	
11.18	49.52	
11.18	49.75	
11.19	50.21	
11.19	50.69	
11.20	50.92	
11.20	50.88	
11.21	50.58	
11.21	50.10	
11.22	49.55	
11.22	48.93	
11.23	48.34	
11.23	47.74	
11.24	47.14	
11.24	46.55	
11.25	45.90	
11.25	45.28	
11.26	44.68	
11.26	44.14	
11.27	43.64	
11.27	43.13	
11.28	42.64	
11.28	42.15	
11.29	41.69	
11.29	41.19	
11.30	40.66	
11.30	40.10	
11.31	39.50	
11.31	38.95	
11.32	38.41	
11.32	37.88	
11.33	37.34	
11.33	36.80	
11.34	36.32	
11.34	35.90	
11.35	35.55	
11.35	35.24	
11.36	34.94	
11.36	34.69	
11.37	34.48	
11.37	34.31	
11.38	34.19	
11.38	34.09	
11.39	34.05	
11.39	34.06	
11.40	34.12	
11.40	34.25	
11.41	34.41	
11.41	34.65	
11.42	34.94	
11.42	35.27	
11.43	35.65	
11.43	36.02	
11.44	36.44	
11.44	36.93	
11.45	37.52	
11.45	38.21	
11.46	38.91	
11.46	39.67	
11.47	40.42	
11.47	41.23	
11.48	42.08	
11.48	42.94	
11.49	43.89	
11.49	44.81	
11.50	45.75	
11.50	46.64	
11.51	47.36	
11.51	47.86	
11.52	48.17	
11.52	48.39	
11.53	48.55	
11.53	48.72	
11.54	48.89	
11.54	49.05	
11.55	49.18	
11.55	49.28	
11.56	49.33	
11.56	49.35	
11.57	49.43	
11.57	49.63	
11.58	49.92	
11.58	50.37	
11.59	50.85	
11.59	51.03	
11.60	50.82	
11.60	50.36	
11.61	49.76	
11.61	49.15	
11.62	48.56	
11.62	48.01	
11.63	47.47	
11.63	46.86	
11.64	46.26	
11.64	45.62	
11.65	45.00	
11.65	44.42	
11.66	43.88	
11.66	43.41	
11.67	42.95	
11.67	42.53	
11.68	42.07	
11.68	41.57	
11.69	41.04	
11.69	40.49	
11.70	39.96	
11.70	39.38	
11.71	38.78	
11.71	38.15	
11.72	37.54	
11.72	37.00	
11.73	36.52	
11.73	36.11	
11.74	35.74	
11.74	35.41	
11.75	35.10	
11.75	34.83	
11.76	34.59	
11.76	34.40	
11.77	34.25	
11.77	34.15	
11.78	34.11	
11.78	34.10	
11.79	34.14	
11.79	34.21	
11.80	34.33	
11.80	34.49	
11.81	34.70	
11.81	35.01	
11.82	35.37	
11.82	35.83	
11.83	36.32	
11.83	36.85	
11.84	37.42	
11.84	38.00	
11.85	38.66	
11.85	39.34	
11.86	40.08	
11.86	40.85	
11.87	41.63	
11.87	42.48	
11.88	43.33	
11.88	44.25	
11.89	45.17	
11.89	46.02	
11.90	46.76	
11.90	47.35	
11.91	47.79	
11.91	48.12	
11.92	48.38	
11.92	48.60	
11.93	48.80	
11.93	48.99	
11.94	49.15	
11.94	49.27	
11.95	49.33	
11.95	49.37	
11.96	49.42	
11.96	49.52	
11.97	49.81	
11.97	50.21	
11.98	50.58	
11.98	50.82	
11.99	50.85	
11.99	50.58	
12.00	50.12	
12.00	49.56	
12.01	48.96	
12.01	48.39	
12.02	47.79	
12.02	47.21	
12.03	46.59	
12.03	45.98	
12.04	45.39	
12.04	44.80	
12.05	44.25	
12.05	43.68	
12.06	43.14	
12.06	42.61	
12.07	42.11	
12.07	41.62	
12.08	41.12	
12.08	40.61	
12.09	40.05	
12.09	39.51	
12.10	38.96	
12.10	38.38	
12.11	37.80	
12.11	37.21	
12.12	36.66	
12.12	36.18	
12.13	35.76	
12.13	35.41	
12.14	35.09	
12.14	34.82	
12.15	34.58	
12.15	34.39	
12.16	34.24	
12.16	34.13	
12.17	34.06	
12.17	34.05	
12.18	34.07	
12.18	34.13	
12.19	34.21	
12.19	34.35	
12.20	34.57	
12.20	34.84	
12.21	35.18	
12.21	35.54	
12.22	35.96	
12.22	36.47	
12.23	37.03	
12.23	37.67	
12.24	38.33	
12.24	39.04	
12.25	39.76	
12.25	40.48	
12.26	41.26	
12.26	42.02	
12.27	42.89	
12.27	43.82	
12.28	44.76	
12.28	45.71	
12.29	46.54	
12.29	47.22	
12.30	47.73	
12.30	48.10	
12.31	48.38	
12.31	48.61	
12.32	48.81	
12.32	48.98	
12.33	49.12	
12.33	49.22	
12.34	49.29	
12.34	49.34	
12.35	49.40	
12.35	49.50	
12.36	49.66	
12.36	50.02	
12.37	50.59	
12.37	51.07	
12.38	51.19	
12.38	51.01	
12.39	50.55	
12.39	49.94	
12.40	49.30	
12.40	48.64	
12.41	48.03	
12.41	47.41	
12.42	46.81	
12.42	46.23	
12.43	45.64	
12.43	45.08	
12.44	44.48	
12.44	43.91	
12.45	43.36	
12.45	42.86	
12.46	42.39	
12.46	41.91	
12.47	41.43	
12.47	40.93	
12.48	40.42	
12.48	39.89	
12.49	39.30	
12.49	38.70	
12.50	38.06	
12.50	37.45	
12.51	36.89	
12.51	36.39	
12.52	35.96	
12.52	35.58	
12.53	35.27	
12.53	34.98	
12.54	34.74	
12.54	34.53	
12.55	34.34	
12.55	34.19	
12.56	34.08	
12.56	34.01	
12.57	34.00	
12.57	34.03	
12.58	34.11	
12.58	34.23	
12.59	34.40	
12.59	34.67	
12.60	35.00	
12.60	35.38	
12.61	35.80	
12.61	36.23	
12.62	36.75	
12.62	37.29	
12.63	37.93	
12.63	38.61	
12.64	39.31	
12.64	40.07	
12.65	40.83	
12.65	41.70	
12.66	42.62	
12.66	43.55	
12.67	44.51	
12.67	45.39	
12.68	46.20	
12.68	46.90	
12.69	47.47	
12.69	47.95	
12.70	48.32	
12.70	48.58	
12.71	48.76	
12.71	48.92	
12.72	49.08	
12.72	49.22	